mv100	59	2
0	59	0

mv101	46	2
0	-1	0

mv102	46	2
0	46	0

mv103	43	2
1	43

mv103	43	2
0	41	0

mv104	44	2
0	44	0

mv105	48	2
1	48

mv105	48	2
0	48	0

mv106	38	2
1	38

mv106	38	2
0	40	0

mv107	31	2
0	29	1

mv108	39	2
1	39

mv108	39	2
0	39	0

mv109	39	2
1	39

mv109	39	2
0	40	0

mv10	44	2
1	44

mv10	44	2
0	44	0

mv110	32	2
1	32

mv110	32	2
0	32	1

mv111	33	2
1	33

mv111	33	2
0	33	0

mv112	27	2
1	27

mv112	27	2
0	-1	0

mv113	24	2
1	24

mv113	24	2
0	24	1

mv114	31	2
1	31

mv114	31	2
0	-1	0

mv115	33	2
1	33

mv115	33	2
0	-1	0

mv116	29	2
1	28

mv116	29	2
0	-1	0

mv117	26	2
1	26

mv117	26	2
0	-1	0

mv118	27	2
1	27

mv118	27	2
0	-1	0

mv119	26	2
1	26

mv119	26	2
0	26	0

mv11	21	2
1	21

mv11	21	2
0	21	1

mv120	24	2
1	24

mv120	24	2
0	23	0

mv12	26	2
1	26

mv12	26	2
0	25	1

mv13	32	2
1	32

mv13	32	2
0	32	1

mv14	26	2
1	26

mv14	26	2
0	26	1

mv15	17	2
1	17

mv15	17	2
c encoding used for the objective but only one free integer in the objective
0	17	1

mv16	20	2
1	20

mv16	20	2
0	20	1

mv17	22	2
1	22

mv17	22	2
0	22	1

mv18	23	2
1	23

mv18	23	2
0	23	1

mv19	25	2
1	25

mv19	25	2
0	25	1

mv1	24	2
1	24

mv1	24	2
0	24	1

mv20	21	2
1	21

mv20	21	2
0	21	1

mv21	19	2
1	19

mv21	19	2
0	19	1

mv22	18	2
1	18

mv22	18	2
0	18	1

mv23	25	2
1	25

mv23	25	2
0	25	1

mv24	17	2
1	17

mv24	17	2
0	17	1

mv25	22	2
1	21

mv25	22	2
0	21	1

mv26	28	2
1	28

mv26	28	2
0	28	1

mv27	29	2
1	29

mv27	29	2
0	29	1

mv28	18	2
1	18

mv28	18	2
0	18	1

mv29	28	2
1	28

mv29	28	2
0	28	1

mv2	18	2
1	18

mv2	18	2
0	18	1

mv30	18	2
1	16

mv30	18	2
0	16	1

mv31	45	2
1	46

mv31	45	2
0	45	0

mv32	46	2
1	46

mv32	46	2
0	46	0

mv33	40	2
1	40

mv33	40	2
0	40	0

mv34	28	2
1	26

mv34	28	2
0	25	1

mv35	38	2
0	38	0

mv36	35	2
1	35

mv36	35	2
0	33	0

mv37	33	2
1	33

mv37	33	2
0	32	1

mv38	42	2
1	42

mv38	42	2
0	42	0

mv39	21	2
1	21

mv39	21	2
0	21	1

mv3	18	2
1	18

mv3	18	2
0	18	1

mv40	30	2
1	31

mv40	30	2
0	30	1

mv41	38	2
1	38

mv41	38	2
0	38	0

mv42	36	2
1	36

mv42	36	2
0	36	0

mv43	30	2
0	30	1

mv44	38	2
1	38

mv44	38	2
0	38	0

mv45	28	2
1	28

mv45	28	2
0	28	1

mv46	26	2
1	26

mv46	26	2
0	26	1

mv47	26	2
1	26

mv47	26	2
0	26	1

mv48	28	2
1	28

mv48	28	2
0	28	1

mv49	37	2
1	37

mv49	37	2
0	37	1

mv4	28	2
1	28

mv4	28	2
0	28	1

mv50	28	2
1	28

mv50	28	2
0	28	1

mv51	27	2
1	27

mv51	27	2
0	27	1

mv52	18	2
1	18

mv52	18	2
0	18	1

mv53	31	2
1	30

mv53	31	2
0	30	1

mv54	31	2
1	31

mv54	31	2
0	31	1

mv55	25	2
1	25

mv55	25	2
0	25	1

mv56	31	2
1	31

mv56	31	2
0	-1	0

mv57	27	2
1	27

mv57	27	2
0	27	1

mv58	19	2
1	18

mv58	19	2
0	18	1

mv59	16	2
1	16

mv59	16	2
0	16	1

mv5	26	2
1	26

mv5	26	2
0	26	1

mv60	31	2
1	31

mv60	31	2
0	31	1

mv61	48	2
0	9223372036854775807	0

mv62	44	2
1	44

mv62	44	2
0	44	0

mv63	34	2
1	34

mv63	34	2
0	32	0

mv64	38	2
0	38	0

mv65	43	2
1	43

mv65	43	2
0	43	0

mv66	40	2
0	37	0

mv67	38	2
1	36

mv67	38	2
0	36	0

mv68	42	2
0	42	0

mv69	59	2
0	59	0

mv6	19	2
1	19

mv6	19	2
0	19	1

mv70	44	2
0	44	0

mv71	41	2
0	41	0

mv72	22	2
1	24

mv72	22	2
0	22	1

mv73	34	2
1	34

mv73	34	2
0	32	1

mv74	41	2
1	41

mv74	41	2
0	-1	0

mv75	34	2
1	34

mv75	34	2
0	34	1

mv76	33	2
1	33

mv76	33	2
0	33	0

mv77	34	2
1	34

mv77	34	2
0	34	1

mv78	39	2
1	39

mv78	39	2
0	39	1

mv79	39	2
0	39	0

mv7	21	2
1	21

mv7	21	2
0	21	1

mv80	41	2
1	41

mv80	41	2
0	41	0

mv81	27	2
1	26

mv81	27	2
0	25	0

mv82	27	2
1	27

mv82	27	2
0	27	1

mv83	15	2
1	16

mv83	15	2
0	15	1

mv84	32	2
1	32

mv84	32	2
0	31	1

mv85	27	2
1	27

mv85	27	2
0	-1	0

mv86	26	2
1	27

mv86	26	2
0	-1	0

mv87	27	2
1	27

mv87	27	2
0	-1	0

mv88	30	2
1	30

mv88	30	2
0	30	0

mv89	24	2
1	24

mv89	24	2
0	24	1

mv8	19	2
1	19

mv8	19	2
0	19	1

mv90	27	2
1	27

mv90	27	2
0	27	1

mv93	59	2
0	59	0

mv94	58	2
0	-1	0

mv95	45	2
0	45	0

mv99	49	2
0	-1	0

mv9	26	2
1	26

mv9	26	2
0	26	1

mv121	30	2
1	30

mv121	30	2
0	30	1

mv122	25	2
1	25

mv122	25	2
0	25	1

mv123	43	2
0	42	0

mv124	29	2
1	29

mv124	29	2
0	29	1

mv125	27	2
1	27

mv125	27	2
0	27	1

mv126	32	2
1	32

mv126	32	2
0	32	1

mv127	33	2
1	33

mv127	33	2
0	33	1

mv128	34	2
1	34

mv128	34	2
0	34	1

mv129	40	2
1	40

mv129	40	2
0	40	1

mv130	30	2
1	30

mv130	30	2
0	30	1

mv131	28	2
1	28

mv131	28	2
0	27	1

mv132	18	2
1	18

mv132	18	2
0	18	1

mv133	34	2
1	34

mv133	34	2
0	34	1

mv134	34	2
1	34

mv134	34	2
0	34	1

mv135	38	2
1	38

mv135	38	2
0	37	1

mv136	30	2
1	30

mv136	30	2
0	30	1

mv137	26	2
1	26

mv137	26	2
0	26	1

mv138	29	2
1	29

mv138	29	2
0	29	1

mv139	33	2
1	33

mv139	33	2
0	33	1

mv140	34	2
1	34

mv140	34	2
0	34	1

mv141	32	2
1	32

mv141	32	2
0	32	1

mv142	49	2
1	49

mv142	49	2
0	49	1

mv143	27	2
1	27

mv143	27	2
0	27	1

mv144	25	2
1	25

mv144	25	2
0	25	1

mv145	24	2
1	24

mv145	24	2
0	24	1

mv146	41	2
1	41

mv146	41	2
0	41	1

mv147	39	2
1	39

mv147	39	2
0	39	1

mv148	30	2
1	30

mv148	30	2
0	30	1

mv149	29	2
1	29

mv149	29	2
0	29	1

mv150	29	2
1	29

mv150	29	2
0	29	1

mv151	34	2
1	34

mv151	34	2
0	34	1

mv152	41	2
1	41

mv152	41	2
0	40	1

mv153	39	2
0	39	1

mv154	34	2
1	34

mv154	34	2
0	34	1

mv155	31	2
1	31

mv155	31	2
0	31	1

mv156	37	2
1	37

mv156	37	2
0	37	1

mv157	33	2
1	33

mv157	33	2
0	33	1

mv158	40	2
1	40

mv158	40	2
0	40	0

mv159	31	2
1	31

mv159	31	2
0	31	1

mv160	43	2
1	43

mv160	43	2
0	43	1

mv161	37	2
1	37

mv161	37	2
0	37	0

mv162	34	2
1	34

mv162	34	2
0	34	0

mv163	37	2
1	37

mv163	37	2
0	37	0

mv164	36	2
1	36

mv164	36	2
0	36	1

mv165	26	2
1	26

mv165	26	2
0	26	1

mv166	29	2
1	29

mv166	29	2
0	29	1

mv167	31	2
1	31

mv167	31	2
0	-1	0

mv168	34	2
1	34

mv168	34	2
0	34	0

mv169	31	2
1	31

mv169	31	2
0	31	1

mv170	32	2
1	32

mv170	32	2
0	32	1

mv171	44	2
0	44	1

mv172	31	2
1	31

mv172	31	2
0	31	1

mv173	34	2
1	34

mv173	34	2
0	34	1

mv174	38	2
1	38

mv174	38	2
0	38	1

mv175	23	2
1	23

mv175	23	2
0	23	1

mv176	30	2
1	30

mv176	30	2
0	-1	0

mv177	29	2
1	29

mv177	29	2
0	29	1

mv178	25	2
1	24

mv178	25	2
0	24	1

mv179	32	2
1	32

mv179	32	2
0	32	1

mv180	40	2
1	40

mv180	40	2
0	40	1

mv181	49	2
1	49

mv181	49	2
0	48	0

mv182	44	2
1	44

mv182	44	2
0	44	0

mv183	30	2
1	30

mv183	30	2
0	30	1

mv184	49	2
0	49	1

mv185	43	2
1	43

mv185	43	2
0	40	1

mv188	45	2
0	45	1

mv189	49	2
0	-1	0

mv190	52	2
1	52

mv190	52	2
0	52	0

mv191	26	2
1	26

mv191	26	2
0	26	1

mv192	30	2
1	30

mv192	30	2
0	30	1

mv193	38	2
1	38

mv193	38	2
0	38	0

mv194	49	2
0	49	0

mv195	38	2
0	38	0

mv196	36	2
0	36	1

mv197	45	2
1	45

mv197	45	2
0	45	1

mv198	40	2
1	40

mv198	40	2
0	-1	0

mv199	47	2
0	48	0

mv200	34	2
1	33

mv200	34	2
0	33	1

mv201	45	2
1	45

mv201	45	2
0	45	1

mv202	34	2
1	34

mv202	34	2
0	34	1

mv203	39	2
1	37

mv203	39	2
0	-1	0

mv204	21	2
1	21

mv204	21	2
0	21	1

mv205	25	2
1	25

mv205	25	2
0	25	1

mv206	40	2
1	41

mv206	40	2
0	43	0

mv207	30	2
1	30

mv207	30	2
0	-1	0

mv208	29	2
1	29

mv208	29	2
0	29	1

mv209	11	2
1	11

mv209	11	2
0	11	1

mv210	26	2
1	26

mv210	26	2
0	26	1

mv221	39	2
1	39

mv221	39	2
0	39	0

mv222	33	2
1	33

mv222	33	2
0	33	1

mv223	38	2
1	38

mv223	38	2
0	35	0

mv224	47	2
0	47	0

mv226	40	2
0	40	0

mv228	40	2
1	40

mv228	40	2
0	40	0

mv229	49	2
0	49	0

mv230	56	2
1	58

mv230	56	2
0	60	0

mv231	37	2
1	38

mv231	37	2
0	37	1

mv232	31	2
1	31

mv232	31	2
0	-1	0

mv233	27	2
1	27

mv233	27	2
0	-1	0

mv234	26	2
1	26

mv234	26	2
0	26	1

mv235	22	2
0	22	1

mv236	36	2
1	36

mv236	36	2
0	-1	0

mv237	29	2
1	29

mv237	29	2
0	-1	0

mv238	39	2
1	38

mv238	39	2
0	38	1

mv239	32	2
1	34

mv239	32	2
0	32	1

mv240	41	2
1	41

mv240	41	2
0	41	1

mv241	43	2
1	43

mv241	43	2
0	43	1

mv242	33	2
1	33

mv242	33	2
0	33	1

mv243	28	2
1	28

mv243	28	2
0	28	1

mv244	34	2
1	34

mv244	34	2
0	34	1

mv245	47	2
1	47

mv245	47	2
0	47	1

mv246	41	2
1	41

mv246	41	2
0	41	1

mv247	38	2
1	38

mv247	38	2
0	38	1

mv248	34	2
0	34	1

mv249	41	2
1	41

mv249	41	2
0	41	1

mv250	26	2
1	25

mv250	26	2
0	23	1

mv251	32	2
1	32

mv251	32	2
0	32	1

mv252	50	2
1	50

mv252	50	2
0	50	1

mv253	49	2
1	49

mv253	49	2
0	49	1

mv254	49	2
1	49

mv254	49	2
0	49	1

mv255	43	2
1	43

mv255	43	2
0	43	1

mv256	32	2
1	32

mv256	32	2
0	32	1

mv257	43	2
1	43

mv257	43	2
0	43	1

mv258	41	2
1	41

mv258	41	2
0	41	1

mv259	26	2
1	26

mv259	26	2
0	26	1

mv260	30	2
1	31

mv260	30	2
0	29	1

mv261	37	2
1	37

mv261	37	2
0	37	1

mv262	34	2
1	34

mv262	34	2
0	34	1

mv263	40	2
1	40

mv263	40	2
0	40	1

mv264	27	2
1	27

mv264	27	2
0	27	1

mv265	42	2
1	42

mv265	42	2
0	42	1

mv266	29	2
1	29

mv266	29	2
0	29	1

mv267	36	2
1	36

mv267	36	2
0	36	1

mv268	32	2
1	31

mv268	32	2
0	31	1

mv269	37	2
1	37

mv269	37	2
0	37	1

mv270	28	2
1	28

mv270	28	2
0	28	1

mv271	51	2
1	51

mv271	51	2
0	51	1

mv272	45	2
0	45	1

mv273	37	2
1	37

mv273	37	2
0	37	1

mv274	41	2
1	41

mv274	41	2
0	41	1

mv275	45	2
1	45

mv275	45	2
0	45	1

mv276	42	2
0	42	1

mv277	45	2
0	45	1

mv278	38	2
1	38

mv278	38	2
0	37	1

mv279	39	2
1	39

mv279	39	2
0	39	1

mv280	28	2
1	28

mv280	28	2
0	28	1

mv282	30	2
1	30

mv282	30	2
0	30	1

mv283	43	2
1	42

mv283	43	2
0	40	1

mv284	38	2
1	38

mv284	38	2
0	38	1

mv285	56	2
1	56

mv285	56	2
0	56	0

mv286	38	2
0	38	1

mv287	54	2
0	54	1

mv288	31	2
1	31

mv288	31	2
0	31	1

mv289	40	2
1	40

mv289	40	2
0	40	1

mv290	28	2
0	28	1

mv291	41	2
1	41

mv291	41	2
0	40	1

mv292	34	2
1	34

mv292	34	2
0	34	1

mv293	42	2
1	40

mv293	42	2
0	39	1

mv294	32	2
1	32

mv294	32	2
0	32	1

mv295	44	2
1	44

mv295	44	2
0	44	1

mv296	38	2
0	38	1

mv297	43	2
1	43

mv297	43	2
0	43	1

mv298	41	2
1	41

mv298	41	2
0	41	1

mv299	23	2
1	23

mv299	23	2
0	23	1

mv300	44	2
1	43

mv300	44	2
0	43	1

mv301	41	2
1	41

mv301	41	2
0	41	1

mv303	46	2
1	46

mv303	46	2
0	46	0

mv304	54	2
0	54	0

mv308	43	2
0	43	1

mv309	41	2
0	41	1

mv311	38	2
1	38

mv311	38	2
0	38	1

mv313	45	2
1	45

mv313	45	2
0	45	1

mv314	39	2
0	39	1

mv315	27	2
1	27

mv315	27	2
0	27	1

mv316	42	2
0	42	1

mv317	36	2
0	36	1

mv318	42	2
0	42	1

mv319	32	2
1	32

mv319	32	2
0	32	1

mv320	42	2
1	42

mv320	42	2
0	42	1

mv321	52	2
1	52

mv321	52	2
0	52	0

mv322	69	2
1	69

mv322	69	2
0	69	0

mv323	41	2
1	41

mv323	41	2
0	41	1

mv324	33	2
1	33

mv324	33	2
0	33	1

mv325	34	2
1	34

mv325	34	2
0	33	1

mv327	39	2
1	39

mv327	39	2
0	39	1

mv328	30	2
0	30	1

mv329	59	2
0	59	0

mv330	40	2
0	40	1

mv332	43	2
0	43	1

mv337	40	2
1	40

mv337	40	2
0	40	1

mv341	49	2
1	49

mv341	49	2
0	49	0

mv342	37	2
0	37	1

mv343	47	2
1	47

mv343	47	2
0	47	1

mv344	50	2
0	50	1

mv345	70	2
0	-1	0

mv346	30	2
0	30	1

mv348	55	2
0	55	0

mv350	37	2
0	37	1

mv351	60	2
1	60

mv351	60	2
0	60	0

mv352	38	2
1	38

mv352	38	2
0	38	1

mv354	51	2
1	51

mv354	51	2
0	-1	0

mv356	39	2
0	39	1

mv357	59	2
0	59	0

mv358	41	2
0	41	1

mv360	48	2
1	48

mv360	48	2
0	48	0

mv361	61	2
1	61

mv361	61	2
0	-1	0

mv362	50	2
1	50

mv362	50	2
0	48	1

mv363	46	2
1	48

mv363	46	2
File mv363.wcnf does not exist!
mv364	37	2
1	40

mv364	37	2
0	35	1

mv365	40	2
1	40

mv365	40	2
0	40	1

mv366	48	2
1	48

mv366	48	2
0	48	1

mv367	49	2
1	51

mv367	49	2
0	49	1

mv368	52	2
1	52

mv368	52	2
0	52	1

mv369	51	2
1	53

mv369	51	2
0	51	1

mv370	42	2
1	43

mv370	42	2
0	39	1

mv371	50	2
1	50

mv371	50	2
0	50	1

mv372	40	2
1	40

mv372	40	2
0	38	1

mv373	44	2
1	44

mv373	44	2
0	44	1

mv374	52	2
1	50

mv374	52	2
0	50	1

mv375	41	2
1	41

mv375	41	2
0	41	1

mv376	59	2
1	59

mv376	59	2
0	59	1

mv377	56	2
1	56

mv377	56	2
0	56	1

mv378	42	2
1	42

mv378	42	2
0	42	1

mv379	42	2
1	44

mv379	42	2
0	42	1

mv380	32	2
1	32

mv380	32	2
0	32	1

mv381	35	2
1	35

mv381	35	2
0	35	1

mv382	38	2
1	38

mv382	38	2
0	38	1

mv383	41	2
1	43

mv383	41	2
0	41	1

mv384	43	2
1	43

mv384	43	2
0	40	1

mv385	34	2
1	34

mv385	34	2
0	34	1

mv386	42	2
1	42

mv386	42	2
0	42	1

mv387	53	2
1	53

mv387	53	2
0	53	1

mv388	41	2
1	41

mv388	41	2
0	41	1

mv389	45	2
1	45

mv389	45	2
0	45	1

mv390	45	2
1	45

mv390	45	2
0	45	1

mv391	55	2
1	55

mv391	55	2
0	55	0

mv392	49	2
1	50

mv392	49	2
0	47	1

mv393	58	2
1	60

mv393	58	2
0	59	0

mv394	57	2
1	55

mv394	57	2
0	56	0

mv395	65	2
1	65

mv395	65	2
0	-1	0

mv396	48	2
1	49

mv396	48	2
0	47	1

mv397	71	2
1	71

mv397	71	2
0	77	0

mv398	54	2
1	54

mv398	54	2
0	60	0

mv399	55	2
1	56

mv399	55	2
0	56	0

mv400	57	2
1	60

mv400	57	2
0	52	0

mv401	46	2
1	47

mv401	46	2
0	44	1

mv402	58	2
1	61

mv402	58	2
0	56	0

mv403	44	2
1	44

mv403	44	2
0	44	0

mv404	51	2
1	53

mv404	51	2
0	-1	0

mv405	55	2
1	55

mv405	55	2
0	55	1

mv406	50	2
1	55

mv406	50	2
0	-1	0

mv407	53	2
1	54

mv407	53	2
0	51	0

mv408	41	2
1	40

mv408	41	2
0	40	1

mv409	53	2
1	57

mv409	53	2
0	-1	0

mv410	56	2
1	58

mv410	56	2
0	-1	0

mv411	40	2
1	40

mv411	40	2
c encoding used for the objective but only one free integer in the objective
0	40	1

mv412	35	2
1	35

mv412	35	2
0	35	1

mv413	41	2
1	41

mv413	41	2
0	-1	0

mv414	34	2
1	34

mv414	34	2
0	34	1

mv415	44	2
1	44

mv415	44	2
0	44	1

mv416	46	2
1	47

mv416	46	2
0	-1	0

mv417	49	2
1	49

mv417	49	2
0	-1	0

mv418	48	2
1	43

mv418	48	2
0	-1	0

mv419	46	2
1	46

mv419	46	2
0	43	1

mv420	35	2
1	35

mv420	35	2
0	35	1

mv421	85	2
1	85

mv421	85	2
0	96	0

mv422	75	2
1	75

mv422	75	2
0	75	0

mv423	61	2
1	62

mv423	61	2
0	61	0

mv424	78	2
0	83	0

mv425	91	2
1	94

mv425	91	2
0	92	0

mv426	64	2
1	64

mv426	64	2
0	65	0

mv427	63	2
1	63

mv427	63	2
0	61	0

mv428	82	2
1	82

mv428	82	2
0	-1	0

mv429	70	2
1	70

mv429	70	2
0	82	0

mv430	62	2
1	74

mv430	62	2
0	57	1

mv431	48	2
1	49

mv431	48	2
0	-1	0

mv432	76	2
1	76

mv432	76	2
0	-1	0

mv433	54	2
1	55

mv433	54	2
0	53	0

mv434	47	2
1	47

mv434	47	2
0	-1	0

mv435	54	2
1	54

mv435	54	2
0	54	0

mv436	56	2
1	56

mv436	56	2
0	56	0

mv437	52	2
1	53

mv437	52	2
0	-1	0

mv438	65	2
1	64

mv438	65	2
0	-1	0

mv439	67	2
1	69

mv439	67	2
0	-1	0

mv440	54	2
1	54

mv440	54	2
0	53	0

mv441	35	2
1	35

mv441	35	2
0	34	1

mv442	48	2
1	48

mv442	48	2
0	-1	0

mv443	47	2
1	47

mv443	47	2
0	-1	0

mv444	48	2
1	48

mv444	48	2
0	-1	0

mv445	41	2
1	42

mv445	41	2
0	40	1

mv446	48	2
1	48

mv446	48	2
0	-1	0

mv447	45	2
1	48

mv447	45	2
0	-1	0

mv448	44	2
1	44

mv448	44	2
0	-1	0

mv449	42	2
1	42

mv449	42	2
c encoding used for the objective but only one free integer in the objective
0	42	1

mv450	46	2
1	46

mv450	46	2
0	-1	0

mv452	73	2
0	73	0

mv453	88	2
0	9223372036854775807	0

mv454	102	2
0	114	0

mv456	79	2
0	9223372036854775807	0

mv461	61	2
1	63

mv461	61	2
0	-1	0

mv462	57	2
1	58

mv462	57	2
0	-1	0

mv463	75	2
1	77

mv463	75	2
0	82	0

mv464	70	2
1	70

mv464	70	2
0	-1	0

mv465	60	2
1	64

mv465	60	2
0	-1	0

mv466	65	2
1	65

mv466	65	2
0	68	0

mv467	60	2
1	59

mv467	60	2
0	-1	0

mv468	51	2
1	55

mv468	51	2
0	-1	0

mv469	57	2
1	61

mv469	57	2
0	-1	0

mv470	64	2
1	64

mv470	64	2
0	67	0

mv471	50	2
1	52

mv471	50	2
0	-1	0

mv472	50	2
1	52

mv472	50	2
0	49	0

mv473	48	2
1	48

mv473	48	2
0	-1	0

mv474	47	2
1	47

mv474	47	2
0	45	1

mv475	48	2
1	48

mv475	48	2
0	48	0

mv476	42	2
1	42

mv476	42	2
0	-1	0

mv477	56	2
1	56

mv477	56	2
0	-1	0

mv478	55	2
1	54

mv478	55	2
0	-1	0

mv479	51	2
1	51

mv479	51	2
0	-1	0

mv480	41	2
1	42

mv480	41	2
0	-1	0

