mv100	59	1
0	59	0

mv101	46	1
1	46

mv101	46	1
0	-1	0

mv102	46	1
1	46

mv102	46	1
0	46	0

mv103	43	1
1	42

mv103	43	1
0	43	0

mv104	44	1
0	44	0

mv105	48	1
1	48

mv105	48	1
0	48	0

mv106	38	1
1	38

mv106	38	1
0	38	0

mv107	31	1
1	30

mv107	31	1
0	29	0

mv108	39	1
1	39

mv108	39	1
0	39	0

mv109	39	1
1	39

mv109	39	1
0	40	0

mv10	44	1
1	44

mv10	44	1
0	44	0

mv110	32	1
1	32

mv110	32	1
0	32	0

mv111	33	1
1	33

mv111	33	1
0	33	0

mv112	27	1
1	27

mv112	27	1
0	-1	0

mv113	24	1
1	24

mv113	24	1
0	24	1

mv114	31	1
1	31

mv114	31	1
0	-1	0

mv115	33	1
1	33

mv115	33	1
0	-1	0

mv116	29	1
1	28

mv116	29	1
0	-1	0

mv117	26	1
1	25

mv117	26	1
0	-1	0

mv118	27	1
1	27

mv118	27	1
0	-1	0

mv119	26	1
1	26

mv119	26	1
0	26	0

mv11	21	1
1	21

mv11	21	1
0	21	1

mv120	24	1
1	24

mv120	24	1
0	23	0

mv12	26	1
1	26

mv12	26	1
0	25	1

mv13	32	1
1	32

mv13	32	1
0	32	1

mv14	26	1
1	26

mv14	26	1
0	26	1

mv15	17	1
1	17

mv15	17	1
0	17	1

mv16	20	1
1	20

mv16	20	1
0	20	1

mv17	22	1
1	22

mv17	22	1
0	22	1

mv18	23	1
1	23

mv18	23	1
0	23	1

mv19	25	1
1	25

mv19	25	1
0	25	1

mv1	24	1
1	24

mv1	24	1
0	24	1

mv20	21	1
1	21

mv20	21	1
0	21	1

mv21	19	1
1	19

mv21	19	1
0	19	1

mv22	18	1
1	18

mv22	18	1
0	18	1

mv23	25	1
1	25

mv23	25	1
0	25	1

mv24	17	1
1	17

mv24	17	1
0	17	1

mv25	22	1
1	21

mv25	22	1
0	20	1

mv26	28	1
1	28

mv26	28	1
0	28	1

mv27	29	1
1	29

mv27	29	1
0	29	1

mv28	18	1
1	18

mv28	18	1
0	18	1

mv29	28	1
1	28

mv29	28	1
0	28	1

mv2	18	1
1	18

mv2	18	1
0	18	1

mv30	18	1
1	15

mv30	18	1
0	16	1

mv31	45	1
1	46

mv31	45	1
0	45	0

mv32	46	1
1	46

mv32	46	1
0	46	0

mv33	40	1
1	40

mv33	40	1
0	40	0

mv34	28	1
1	26

mv34	28	1
0	25	1

mv35	38	1
1	38

mv35	38	1
0	38	0

mv36	35	1
1	33

mv36	35	1
0	33	0

mv37	33	1
1	32

mv37	33	1
0	32	1

mv38	42	1
1	42

mv38	42	1
0	42	0

mv39	21	1
1	21

mv39	21	1
0	21	1

mv3	18	1
1	18

mv3	18	1
0	18	1

mv40	30	1
1	30

mv40	30	1
0	30	1

mv41	38	1
1	38

mv41	38	1
0	38	0

mv42	36	1
1	36

mv42	36	1
0	36	0

mv43	30	1
1	31

mv43	30	1
0	30	0

mv44	38	1
1	38

mv44	38	1
0	38	0

mv45	28	1
1	28

mv45	28	1
0	28	1

mv46	26	1
1	26

mv46	26	1
0	26	1

mv47	26	1
1	26

mv47	26	1
0	26	1

mv48	28	1
1	28

mv48	28	1
0	28	1

mv49	37	1
1	37

mv49	37	1
0	37	0

mv4	28	1
1	28

mv4	28	1
0	28	1

mv50	28	1
1	28

mv50	28	1
0	28	0

mv51	27	1
1	27

mv51	27	1
0	27	0

mv52	18	1
1	18

mv52	18	1
0	18	1

mv53	31	1
1	30

mv53	31	1
0	30	1

mv54	31	1
1	31

mv54	31	1
0	31	1

mv55	25	1
1	25

mv55	25	1
0	25	1

mv56	31	1
1	31

mv56	31	1
0	-1	0

mv57	27	1
1	27

mv57	27	1
0	27	1

mv58	19	1
1	18

mv58	19	1
0	18	1

mv59	16	1
1	16

mv59	16	1
0	16	1

mv5	26	1
1	26

mv5	26	1
0	26	1

mv60	31	1
1	31

mv60	31	1
0	31	0

mv61	48	1
0	48	0

mv62	44	1
1	44

mv62	44	1
0	44	0

mv63	34	1
1	33

mv63	34	1
0	32	0

mv64	38	1
0	38	0

mv65	43	1
1	43

mv65	43	1
0	43	0

mv66	40	1
0	40	0

mv67	38	1
1	36

mv67	38	1
0	36	0

mv68	42	1
0	42	0

mv69	59	1
0	59	0

mv6	19	1
1	19

mv6	19	1
0	19	1

mv70	44	1
0	47	0

mv71	41	1
0	41	0

mv72	22	1
1	22

mv72	22	1
0	22	1

mv73	34	1
1	34

mv73	34	1
0	32	0

mv74	41	1
1	41

mv74	41	1
0	-1	0

mv75	34	1
1	34

mv75	34	1
0	34	1

mv76	33	1
1	33

mv76	33	1
0	33	0

mv77	34	1
1	34

mv77	34	1
0	34	1

mv78	39	1
1	39

mv78	39	1
0	39	1

mv79	39	1
0	39	0

mv7	21	1
1	21

mv7	21	1
0	21	1

mv80	41	1
1	41

mv80	41	1
0	41	0

mv81	27	1
1	26

mv81	27	1
0	25	0

mv82	27	1
1	27

mv82	27	1
0	27	1

mv83	15	1
1	15

mv83	15	1
0	15	1

mv84	32	1
1	32

mv84	32	1
0	31	0

mv85	27	1
1	27

mv85	27	1
0	-1	0

mv86	26	1
1	27

mv86	26	1
0	-1	0

mv87	27	1
1	27

mv87	27	1
0	-1	0

mv88	30	1
1	30

mv88	30	1
0	30	0

mv89	24	1
1	24

mv89	24	1
0	24	1

mv8	19	1
1	19

mv8	19	1
0	19	1

mv90	27	1
1	27

mv90	27	1
0	27	1

mv93	59	1
0	59	0

mv94	58	1
0	-1	0

mv95	45	1
0	45	0

mv99	49	1
0	-1	0

mv9	26	1
1	26

mv9	26	1
0	26	1

mv121	30	1
1	30

mv121	30	1
0	30	1

mv122	25	1
1	25

mv122	25	1
0	25	1

mv123	43	1
1	42

mv123	43	1
0	42	0

mv124	29	1
1	29

mv124	29	1
0	29	1

mv125	27	1
1	27

mv125	27	1
0	27	1

mv126	32	1
1	32

mv126	32	1
0	32	1

mv127	33	1
1	33

mv127	33	1
0	33	1

mv128	34	1
1	34

mv128	34	1
0	34	1

mv129	40	1
1	40

mv129	40	1
0	40	1

mv130	30	1
1	30

mv130	30	1
0	30	1

mv131	28	1
1	28

mv131	28	1
0	27	1

mv132	18	1
1	18

mv132	18	1
0	18	1

mv133	34	1
1	34

mv133	34	1
0	34	1

mv134	34	1
1	34

mv134	34	1
0	34	1

mv135	38	1
1	38

mv135	38	1
0	37	0

mv136	30	1
1	30

mv136	30	1
0	30	0

mv137	26	1
1	26

mv137	26	1
0	26	1

mv138	29	1
1	29

mv138	29	1
0	29	1

mv139	33	1
1	33

mv139	33	1
0	33	1

mv140	34	1
1	34

mv140	34	1
0	34	1

mv141	32	1
1	32

mv141	32	1
0	32	1

mv142	49	1
1	49

mv142	49	1
0	49	1

mv143	27	1
1	27

mv143	27	1
0	27	1

mv144	25	1
1	25

mv144	25	1
0	25	1

mv145	24	1
1	24

mv145	24	1
0	24	1

mv146	41	1
1	41

mv146	41	1
0	41	1

mv147	39	1
1	39

mv147	39	1
0	39	1

mv148	30	1
1	30

mv148	30	1
0	30	1

mv149	29	1
1	29

mv149	29	1
0	29	1

mv150	29	1
1	29

mv150	29	1
0	29	1

mv151	34	1
1	34

mv151	34	1
0	34	1

mv152	41	1
1	41

mv152	41	1
0	40	0

mv153	39	1
1	39

mv153	39	1
0	39	1

mv154	34	1
1	34

mv154	34	1
0	34	0

mv155	31	1
1	31

mv155	31	1
0	31	0

mv156	37	1
1	37

mv156	37	1
0	37	1

mv157	33	1
1	33

mv157	33	1
0	33	1

mv158	40	1
1	40

mv158	40	1
0	40	0

mv159	31	1
1	31

mv159	31	1
0	31	1

mv160	43	1
1	43

mv160	43	1
0	43	1

mv161	37	1
1	37

mv161	37	1
0	37	0

mv162	34	1
1	34

mv162	34	1
0	33	0

mv163	37	1
1	37

mv163	37	1
0	37	0

mv164	36	1
1	36

mv164	36	1
0	36	0

mv165	26	1
1	26

mv165	26	1
0	26	1

mv166	29	1
1	29

mv166	29	1
0	29	1

mv167	31	1
1	31

mv167	31	1
0	-1	0

mv168	34	1
1	34

mv168	34	1
0	34	0

mv169	31	1
1	31

mv169	31	1
0	31	1

mv170	32	1
1	32

mv170	32	1
0	32	1

mv171	44	1
1	44

mv171	44	1
0	44	1

mv172	31	1
1	31

mv172	31	1
0	31	1

mv173	34	1
1	34

mv173	34	1
0	34	1

mv174	38	1
1	38

mv174	38	1
0	38	0

mv175	23	1
1	23

mv175	23	1
0	23	1

mv176	30	1
1	29

mv176	30	1
0	-1	0

mv177	29	1
1	29

mv177	29	1
0	29	1

mv178	25	1
1	24

mv178	25	1
0	24	1

mv179	32	1
1	32

mv179	32	1
0	32	1

mv180	40	1
1	40

mv180	40	1
0	40	1

mv181	49	1
1	49

mv181	49	1
0	50	0

mv182	44	1
1	44

mv182	44	1
0	44	0

mv183	30	1
1	30

mv183	30	1
0	30	0

mv184	49	1
0	49	1

mv185	43	1
1	43

mv185	43	1
0	40	1

mv188	45	1
0	45	0

mv189	49	1
1	49

mv189	49	1
0	-1	0

mv190	52	1
1	52

mv190	52	1
0	52	0

mv191	26	1
1	26

mv191	26	1
0	26	1

mv192	30	1
1	30

mv192	30	1
0	30	1

mv193	38	1
1	38

mv193	38	1
0	38	0

mv194	49	1
0	49	0

mv195	38	1
1	38

mv195	38	1
0	38	0

mv196	36	1
0	36	1

mv197	45	1
1	45

mv197	45	1
0	45	0

mv198	40	1
1	40

mv198	40	1
0	-1	0

mv199	47	1
1	47

mv199	47	1
0	48	0

mv200	34	1
1	33

mv200	34	1
0	33	1

mv201	45	1
1	45

mv201	45	1
0	45	0

mv202	34	1
1	34

mv202	34	1
0	34	1

mv203	39	1
1	37

mv203	39	1
0	-1	0

mv204	21	1
1	21

mv204	21	1
0	21	1

mv205	25	1
1	25

mv205	25	1
0	25	1

mv206	40	1
1	39

mv206	40	1
0	39	0

mv207	30	1
1	30

mv207	30	1
0	-1	0

mv208	29	1
1	29

mv208	29	1
0	29	1

mv209	11	1
1	11

mv209	11	1
0	11	1

mv210	26	1
1	26

mv210	26	1
0	26	0

mv221	39	1
1	39

mv221	39	1
0	39	0

mv222	33	1
1	33

mv222	33	1
0	33	1

mv223	38	1
1	38

mv223	38	1
0	35	0

mv224	47	1
0	47	0

mv226	40	1
1	40

mv226	40	1
0	40	0

mv228	40	1
1	40

mv228	40	1
0	40	0

mv229	49	1
0	49	0

mv230	56	1
1	57

mv230	56	1
0	58	0

mv231	37	1
1	37

mv231	37	1
0	36	1

mv232	31	1
1	31

mv232	31	1
0	-1	0

mv233	27	1
1	27

mv233	27	1
0	-1	0

mv234	26	1
1	26

mv234	26	1
0	26	1

mv235	22	1
0	22	1

mv236	36	1
1	36

mv236	36	1
0	-1	0

mv237	29	1
1	29

mv237	29	1
0	-1	0

mv238	39	1
1	38

mv238	39	1
0	38	0

mv239	32	1
1	33

mv239	32	1
0	32	1

mv240	41	1
1	41

mv240	41	1
0	41	1

mv241	43	1
1	43

mv241	43	1
0	43	1

mv242	33	1
1	33

mv242	33	1
0	33	1

mv243	28	1
1	28

mv243	28	1
0	28	1

mv244	34	1
1	34

mv244	34	1
0	34	1

mv245	47	1
1	47

mv245	47	1
0	47	1

mv246	41	1
1	41

mv246	41	1
0	41	1

mv247	38	1
1	38

mv247	38	1
0	38	1

mv248	34	1
1	34

mv248	34	1
0	34	1

mv249	41	1
1	41

mv249	41	1
0	41	1

mv250	26	1
1	24

mv250	26	1
0	23	1

mv251	32	1
1	32

mv251	32	1
0	32	1

mv252	50	1
1	50

mv252	50	1
0	50	1

mv253	49	1
1	49

mv253	49	1
0	49	1

mv254	49	1
1	49

mv254	49	1
0	49	1

mv255	43	1
1	43

mv255	43	1
0	43	1

mv256	32	1
1	32

mv256	32	1
0	32	1

mv257	43	1
1	43

mv257	43	1
0	43	1

mv258	41	1
1	41

mv258	41	1
0	41	1

mv259	26	1
1	26

mv259	26	1
0	26	1

mv260	30	1
1	30

mv260	30	1
0	29	1

mv261	37	1
1	37

mv261	37	1
0	37	1

mv262	34	1
1	34

mv262	34	1
0	34	1

mv263	40	1
1	40

mv263	40	1
0	40	1

mv264	27	1
1	27

mv264	27	1
0	27	1

mv265	42	1
1	42

mv265	42	1
0	42	1

mv266	29	1
1	29

mv266	29	1
0	29	1

mv267	36	1
1	36

mv267	36	1
0	36	1

mv268	32	1
1	31

mv268	32	1
0	31	1

mv269	37	1
1	37

mv269	37	1
0	37	1

mv270	28	1
1	28

mv270	28	1
0	28	1

mv271	51	1
1	51

mv271	51	1
0	51	1

mv272	45	1
0	45	1

mv273	37	1
1	37

mv273	37	1
0	37	1

mv274	41	1
1	41

mv274	41	1
0	41	1

mv275	45	1
1	45

mv275	45	1
0	45	1

mv276	42	1
1	42

mv276	42	1
0	42	1

mv277	45	1
0	45	0

mv278	38	1
1	37

mv278	38	1
0	37	1

mv279	39	1
1	39

mv279	39	1
0	39	1

mv280	28	1
1	28

mv280	28	1
0	28	1

mv282	30	1
1	30

mv282	30	1
0	30	1

mv283	43	1
1	41

mv283	43	1
0	40	1

mv284	38	1
1	38

mv284	38	1
0	38	1

mv285	56	1
1	56

mv285	56	1
0	56	0

mv286	38	1
1	38

mv286	38	1
0	38	1

mv287	54	1
0	54	0

mv288	31	1
1	31

mv288	31	1
0	31	1

mv289	40	1
1	40

mv289	40	1
0	40	1

mv290	28	1
0	28	1

mv291	41	1
1	40

mv291	41	1
0	39	1

mv292	34	1
1	34

mv292	34	1
0	34	1

mv293	42	1
1	39

mv293	42	1
0	39	1

mv294	32	1
1	32

mv294	32	1
0	32	1

mv295	44	1
1	44

mv295	44	1
0	44	1

mv296	38	1
0	38	1

mv297	43	1
1	43

mv297	43	1
0	43	1

mv298	41	1
1	41

mv298	41	1
0	41	1

mv299	23	1
1	23

mv299	23	1
0	23	1

mv300	44	1
1	43

mv300	44	1
0	43	1

mv301	41	1
1	41

mv301	41	1
0	41	0

mv303	46	1
1	46

mv303	46	1
0	50	0

mv304	54	1
0	54	0

mv308	43	1
0	43	1

mv309	41	1
0	41	0

mv311	38	1
1	38

mv311	38	1
0	38	1

mv313	45	1
1	45

mv313	45	1
0	45	1

mv314	39	1
0	39	1

mv315	27	1
1	27

mv315	27	1
0	27	1

mv316	42	1
0	42	1

mv317	36	1
0	36	1

mv318	42	1
0	42	1

mv319	32	1
1	32

mv319	32	1
0	32	1

mv320	42	1
1	42

mv320	42	1
0	42	1

mv321	52	1
1	52

mv321	52	1
0	52	0

mv322	69	1
1	69

mv322	69	1
0	69	0

mv323	41	1
1	41

mv323	41	1
0	41	1

mv324	33	1
1	33

mv324	33	1
0	33	1

mv325	34	1
1	34

mv325	34	1
0	33	1

mv327	39	1
1	39

mv327	39	1
0	39	1

mv328	30	1
1	30

mv328	30	1
0	30	1

mv329	59	1
0	59	0

mv330	40	1
0	40	1

mv332	43	1
0	43	1

mv337	40	1
1	40

mv337	40	1
0	40	0

mv341	49	1
1	49

mv341	49	1
0	49	0

mv342	37	1
0	37	1

mv343	47	1
1	47

mv343	47	1
0	47	0

mv344	50	1
0	50	1

mv345	70	1
0	-1	0

mv346	30	1
0	30	1

mv348	55	1
0	55	0

mv350	37	1
0	37	0

mv351	60	1
1	60

mv351	60	1
0	60	0

mv352	38	1
1	38

mv352	38	1
0	37	1

mv354	51	1
1	51

mv354	51	1
0	-1	0

mv356	39	1
0	39	0

mv357	59	1
0	59	0

mv358	41	1
0	41	0

mv360	48	1
1	48

mv360	48	1
0	48	0

mv361	61	1
1	61

mv361	61	1
0	-1	0

mv362	50	1
1	50

mv362	50	1
0	48	1

mv363	46	1
1	47

mv363	46	1
0	46	0

mv364	37	1
1	36

mv364	37	1
0	35	1

mv365	40	1
1	40

mv365	40	1
0	40	1

mv366	48	1
1	48

mv366	48	1
0	48	1

mv367	49	1
1	49

mv367	49	1
0	48	0

mv368	52	1
1	52

mv368	52	1
0	52	1

mv369	51	1
1	52

mv369	51	1
0	51	1

mv370	42	1
1	43

mv370	42	1
0	39	0

mv371	50	1
1	50

mv371	50	1
0	50	1

mv372	40	1
1	40

mv372	40	1
0	38	1

mv373	44	1
1	44

mv373	44	1
0	44	1

mv374	52	1
1	50

mv374	52	1
0	50	1

mv375	41	1
1	41

mv375	41	1
0	41	1

mv376	59	1
1	59

mv376	59	1
0	59	1

mv377	56	1
1	56

mv377	56	1
0	56	0

mv378	42	1
1	42

mv378	42	1
0	42	1

mv379	42	1
1	42

mv379	42	1
0	42	1

mv380	32	1
1	32

mv380	32	1
0	32	1

mv381	35	1
1	35

mv381	35	1
0	35	1

mv382	38	1
1	38

mv382	38	1
0	38	1

mv383	41	1
1	42

mv383	41	1
0	41	1

mv384	43	1
1	43

mv384	43	1
0	40	1

mv385	34	1
1	34

mv385	34	1
0	34	1

mv386	42	1
1	42

mv386	42	1
0	42	1

mv387	53	1
1	53

mv387	53	1
0	53	1

mv388	41	1
1	41

mv388	41	1
0	41	1

mv389	45	1
1	45

mv389	45	1
0	45	1

mv390	45	1
1	45

mv390	45	1
0	45	1

mv391	55	1
1	56

mv391	55	1
0	54	0

mv392	49	1
1	50

mv392	49	1
0	50	0

mv393	58	1
1	58

mv393	58	1
0	61	0

mv394	57	1
1	54

mv394	57	1
0	57	0

mv395	65	1
1	65

mv395	65	1
0	-1	0

mv396	48	1
1	48

mv396	48	1
0	47	1

mv397	71	1
1	65

mv397	71	1
0	72	0

mv398	54	1
1	53

mv398	54	1
0	54	0

mv399	55	1
1	54

mv399	55	1
0	57	0

mv400	57	1
1	58

mv400	57	1
0	52	0

mv401	46	1
1	45

mv401	46	1
0	44	0

mv402	58	1
1	61

mv402	58	1
0	61	0

mv403	44	1
1	44

mv403	44	1
0	44	0

mv404	51	1
1	53

mv404	51	1
0	-1	0

mv405	55	1
1	55

mv405	55	1
0	55	0

mv406	50	1
1	50

mv406	50	1
0	-1	0

mv407	53	1
1	53

mv407	53	1
0	51	0

mv408	41	1
1	40

mv408	41	1
0	40	1

mv409	53	1
1	52

mv409	53	1
0	-1	0

mv410	56	1
1	57

mv410	56	1
0	-1	0

mv411	40	1
1	40

mv411	40	1
0	40	1

mv412	35	1
1	35

mv412	35	1
0	35	1

mv413	41	1
1	41

mv413	41	1
0	-1	0

mv414	34	1
1	34

mv414	34	1
0	34	1

mv415	44	1
1	44

mv415	44	1
0	44	1

mv416	46	1
1	46

mv416	46	1
0	-1	0

mv417	49	1
1	49

mv417	49	1
0	-1	0

mv418	48	1
1	46

mv418	48	1
0	-1	0

mv419	46	1
1	46

mv419	46	1
0	45	0

mv420	35	1
1	35

mv420	35	1
0	35	1

mv421	85	1
1	85

mv421	85	1
0	92	0

mv422	75	1
1	75

mv422	75	1
0	79	0

mv423	61	1
1	60

mv423	61	1
0	67	0

mv424	78	1
1	79

mv424	78	1
0	82	0

mv425	91	1
1	91

mv425	91	1
0	106	0

mv426	64	1
1	64

mv426	64	1
0	67	0

mv427	63	1
1	62

mv427	63	1
0	60	0

mv428	82	1
1	82

mv428	82	1
0	-1	0

mv429	70	1
1	70

mv429	70	1
0	73	0

mv430	62	1
1	61

mv430	62	1
0	57	1

mv431	48	1
1	47

mv431	48	1
0	-1	0

mv432	76	1
1	76

mv432	76	1
0	-1	0

mv433	54	1
1	54

mv433	54	1
0	52	0

mv434	47	1
1	47

mv434	47	1
0	-1	0

mv435	54	1
1	54

mv435	54	1
0	60	0

mv436	56	1
1	56

mv436	56	1
0	58	0

mv437	52	1
1	52

mv437	52	1
0	-1	0

mv438	65	1
1	63

mv438	65	1
0	-1	0

mv439	67	1
1	66

mv439	67	1
0	-1	0

mv440	54	1
1	51

mv440	54	1
0	54	0

mv441	35	1
1	36

mv441	35	1
0	34	1

mv442	48	1
1	48

mv442	48	1
0	-1	0

mv443	47	1
1	47

mv443	47	1
0	-1	0

mv444	48	1
1	47

mv444	48	1
0	-1	0

mv445	41	1
1	42

mv445	41	1
0	40	0

mv446	48	1
1	48

mv446	48	1
0	-1	0

mv447	45	1
1	46

mv447	45	1
0	-1	0

mv448	44	1
1	43

mv448	44	1
0	-1	0

mv449	42	1
1	42

mv449	42	1
0	42	1

mv450	46	1
1	47

mv450	46	1
0	-1	0

mv452	73	1
0	73	0

mv453	88	1
0	89	0

mv454	102	1
0	119	0

mv456	79	1
0	9223372036854775807	0

mv461	61	1
1	63

mv461	61	1
0	-1	0

mv462	57	1
1	56

mv462	57	1
0	-1	0

mv463	75	1
1	76

mv463	75	1
0	82	0

mv464	70	1
1	69

mv464	70	1
0	-1	0

mv465	60	1
1	64

mv465	60	1
0	-1	0

mv466	65	1
1	65

mv466	65	1
0	72	0

mv467	60	1
1	57

mv467	60	1
0	-1	0

mv468	51	1
1	52

mv468	51	1
0	-1	0

mv469	57	1
1	62

mv469	57	1
0	-1	0

mv470	64	1
1	64

mv470	64	1
0	65	0

mv471	50	1
1	51

mv471	50	1
0	-1	0

mv472	50	1
1	50

mv472	50	1
0	50	0

mv473	48	1
1	48

mv473	48	1
0	-1	0

mv474	47	1
1	46

mv474	47	1
0	44	0

mv475	48	1
1	47

mv475	48	1
0	46	0

mv476	42	1
1	42

mv476	42	1
0	-1	0

mv477	56	1
1	57

mv477	56	1
0	-1	0

mv478	55	1
1	55

mv478	55	1
0	-1	0

mv479	51	1
1	50

mv479	51	1
0	-1	0

mv480	41	1
1	42

mv480	41	1
0	-1	0

