mv100	59	5
0	59	0

mv101	46	5
0	-1	0

mv102	46	5
File mv102.wcnf does not exist!
mv103	43	5
0	43	1

mv104	44	5
0	44	1

mv105	48	5
0	48	1

mv106	38	5
0	38	1

mv107	31	5
0	31	1

mv108	39	5
0	39	1

mv109	39	5
1	39

mv109	39	5
0	39	1

mv10	44	5
1	44

mv10	44	5
0	44	1

mv110	32	5
0	32	1

mv111	33	5
1	33

mv111	33	5
0	33	1

mv112	27	5
1	27

mv112	27	5
0	-1	0

mv113	24	5
1	24

mv113	24	5
0	24	1

mv114	31	5
1	31

mv114	31	5
0	-1	0

mv115	33	5
1	33

mv115	33	5
0	-1	0

mv116	29	5
1	29

mv116	29	5
0	-1	0

mv117	26	5
1	26

mv117	26	5
0	-1	0

mv118	27	5
1	27

mv118	27	5
0	-1	0

mv119	26	5
1	26

mv119	26	5
0	26	1

mv11	21	5
1	21

mv11	21	5
0	21	1

mv120	24	5
1	24

mv120	24	5
0	23	1

mv12	26	5
1	26

mv12	26	5
0	25	1

mv13	32	5
1	32

mv13	32	5
0	32	1

mv14	26	5
1	26

mv14	26	5
0	26	1

mv15	17	5
1	17

mv15	17	5
0	17	1

mv16	20	5
1	20

mv16	20	5
0	20	1

mv17	22	5
1	22

mv17	22	5
0	22	1

mv18	23	5
1	23

mv18	23	5
0	23	1

mv19	25	5
1	25

mv19	25	5
0	25	1

mv1	24	5
1	24

mv1	24	5
0	24	1

mv20	21	5
1	21

mv20	21	5
0	21	1

mv21	19	5
1	19

mv21	19	5
0	19	1

mv22	18	5
1	18

mv22	18	5
0	18	1

mv23	25	5
1	25

mv23	25	5
0	25	1

mv24	17	5
1	17

mv24	17	5
0	17	1

mv25	22	5
1	21

mv25	22	5
0	21	1

mv26	28	5
1	28

mv26	28	5
0	28	1

mv27	29	5
1	29

mv27	29	5
0	29	1

mv28	18	5
1	18

mv29	28	5
1	28

mv29	28	5
0	28	1

mv2	18	5
1	21

mv2	18	5
0	18	1

mv30	18	5
1	18

mv30	18	5
0	17	1

mv31	45	5
1	45

mv31	45	5
0	45	1

mv32	46	5
0	46	1

mv33	40	5
1	40

mv33	40	5
0	40	1

mv34	28	5
1	28

mv34	28	5
0	27	1

mv35	38	5
0	38	1

mv36	35	5
1	35

mv36	35	5
0	33	1

mv37	33	5
1	33

mv37	33	5
0	32	1

mv38	42	5
0	42	1

mv39	21	5
1	21

mv39	21	5
0	21	1

mv3	18	5
1	18

mv3	18	5
0	18	1

mv40	30	5
0	30	1

mv41	38	5
1	38

mv41	38	5
0	38	0

mv42	36	5
1	36

mv42	36	5
0	36	1

mv43	30	5
0	30	1

mv44	38	5
1	38

mv44	38	5
0	38	1

mv45	28	5
1	28

mv45	28	5
0	28	1

mv46	26	5
1	26

mv46	26	5
0	26	1

mv47	26	5
1	26

mv47	26	5
0	26	1

mv48	28	5
1	28

mv48	28	5
0	28	1

mv49	37	5
1	37

mv49	37	5
0	37	1

mv4	28	5
1	28

mv4	28	5
0	28	1

mv50	28	5
1	28

mv50	28	5
0	28	1

mv51	27	5
1	27

mv51	27	5
0	27	1

mv52	18	5
1	18

mv52	18	5
0	18	1

mv53	31	5
1	31

mv53	31	5
0	30	1

mv54	31	5
1	31

mv54	31	5
0	31	1

mv55	25	5
1	25

mv55	25	5
0	25	1

mv56	31	5
1	31

mv56	31	5
0	-1	0

mv57	27	5
1	27

mv57	27	5
0	27	1

mv58	19	5
1	19

mv58	19	5
0	18	1

mv59	16	5
1	16

mv59	16	5
0	16	1

mv5	26	5
1	26

mv5	26	5
0	26	1

mv60	31	5
1	31

mv60	31	5
0	31	1

mv61	48	5
0	9223372036854775807	0

mv62	44	5
0	44	1

mv63	34	5
1	34

mv63	34	5
0	32	1

mv64	38	5
0	38	1

mv65	43	5
1	43

mv65	43	5
0	43	0

mv66	40	5
1	40

mv66	40	5
0	38	1

mv67	38	5
1	38

mv67	38	5
0	36	1

mv68	42	5
0	42	0

mv69	59	5
0	59	0

mv6	19	5
1	19

mv6	19	5
0	19	1

mv70	44	5
0	44	1

mv71	41	5
0	41	0

mv72	22	5
1	22

mv72	22	5
0	22	1

mv73	34	5
1	34

mv73	34	5
0	32	1

mv74	41	5
1	41

mv74	41	5
0	-1	0

mv75	34	5
1	34

mv75	34	5
0	34	1

mv76	33	5
1	33

mv76	33	5
0	33	1

mv77	34	5
1	34

mv77	34	5
0	34	1

mv78	39	5
1	39

mv78	39	5
0	39	1

mv79	39	5
0	39	1

mv7	21	5
1	21

mv7	21	5
0	21	1

mv80	41	5
1	41

mv80	41	5
0	41	1

mv81	27	5
1	27

mv81	27	5
0	26	1

mv82	27	5
1	27

mv82	27	5
0	27	1

mv83	15	5
1	15

mv83	15	5
0	15	1

mv84	32	5
1	32

mv84	32	5
0	32	1

mv85	27	5
1	27

mv85	27	5
0	-1	0

mv86	26	5
1	26

mv86	26	5
0	-1	0

mv87	27	5
1	27

mv87	27	5
0	-1	0

mv88	30	5
1	30

mv88	30	5
0	30	1

mv89	24	5
1	24

mv89	24	5
0	24	1

mv8	19	5
1	19

mv8	19	5
0	19	1

mv90	27	5
1	27

mv90	27	5
0	27	1

mv93	59	5
0	59	0

mv94	58	5
0	-1	0

mv95	45	5
0	45	0

mv99	49	5
0	-1	0

mv9	26	5
1	26

mv9	26	5
0	26	1

mv121	30	5
1	30

mv121	30	5
0	30	1

mv122	25	5
1	25

mv122	25	5
0	25	1

mv123	43	5
0	42	1

mv124	29	5
1	29

mv124	29	5
0	29	1

mv125	27	5
1	27

mv125	27	5
0	27	1

mv126	32	5
1	32

mv126	32	5
0	32	1

mv127	33	5
1	33

mv127	33	5
0	33	1

mv128	34	5
1	34

mv128	34	5
0	34	1

mv129	40	5
1	40

mv129	40	5
0	40	1

mv130	30	5
1	31

mv130	30	5
0	30	1

mv131	28	5
1	28

mv131	28	5
0	27	1

mv132	18	5
1	18

mv132	18	5
0	18	1

mv133	34	5
1	34

mv133	34	5
0	34	1

mv134	34	5
1	34

mv134	34	5
0	34	1

mv135	38	5
1	38

mv135	38	5
0	37	1

mv136	30	5
1	30

mv136	30	5
0	30	1

mv137	26	5
1	26

mv137	26	5
0	26	1

mv138	29	5
1	29

mv138	29	5
0	29	1

mv139	33	5
1	33

mv139	33	5
0	33	1

mv140	34	5
1	34

mv140	34	5
0	34	1

mv141	32	5
1	32

mv141	32	5
0	32	1

mv142	49	5
1	49

mv142	49	5
0	49	1

mv143	27	5
1	27

mv143	27	5
0	27	1

mv144	25	5
1	25

mv144	25	5
0	25	1

mv145	24	5
1	24

mv145	24	5
0	24	1

mv146	41	5
1	41

mv146	41	5
0	41	1

mv147	39	5
1	39

mv147	39	5
0	39	1

mv148	30	5
1	30

mv148	30	5
0	30	1

mv149	29	5
1	29

mv149	29	5
0	29	1

mv150	29	5
1	29

mv150	29	5
0	29	1

mv151	34	5
0	34	1

mv152	41	5
1	41

mv152	41	5
0	40	1

mv153	39	5
0	39	1

mv154	34	5
1	34

mv154	34	5
0	34	1

mv155	31	5
0	31	1

mv156	37	5
1	37

mv156	37	5
0	37	1

mv157	33	5
1	33

mv157	33	5
0	33	1

mv158	40	5
1	40

mv158	40	5
0	40	1

mv159	31	5
0	31	1

mv160	43	5
1	43

mv160	43	5
0	43	1

mv161	37	5
1	37

mv161	37	5
0	37	1

mv162	34	5
1	34

mv162	34	5
0	34	1

mv163	37	5
1	37

mv163	37	5
0	37	1

mv164	36	5
1	36

mv164	36	5
0	36	1

mv165	26	5
0	26	1

mv166	29	5
0	29	1

mv167	31	5
1	31

mv167	31	5
0	-1	0

mv168	34	5
1	34

mv168	34	5
0	34	1

mv169	31	5
1	31

mv169	31	5
0	31	1

mv170	32	5
1	32

mv170	32	5
0	32	1

mv171	44	5
0	44	1

mv172	31	5
1	31

mv172	31	5
0	31	1

mv173	34	5
1	37

mv173	34	5
0	34	1

mv174	38	5
1	38

mv174	38	5
0	38	1

mv175	23	5
1	23

mv175	23	5
0	23	1

mv176	30	5
1	30

mv176	30	5
0	-1	0

mv177	29	5
1	29

mv177	29	5
0	29	1

mv178	25	5
1	25

mv178	25	5
0	24	1

mv179	32	5
1	32

mv179	32	5
0	32	1

mv180	40	5
1	40

mv180	40	5
0	40	1

mv181	49	5
1	49

mv181	49	5
0	48	0

mv182	44	5
0	44	1

mv183	30	5
1	30

mv183	30	5
0	30	1

mv184	49	5
0	49	1

mv185	43	5
1	43

mv185	43	5
0	40	1

mv188	45	5
0	45	1

mv189	49	5
0	-1	0

mv190	52	5
0	52	1

mv191	26	5
1	26

mv191	26	5
0	26	1

mv192	30	5
1	30

mv192	30	5
0	30	1

mv193	38	5
1	38

mv193	38	5
0	38	1

mv194	49	5
0	49	1

mv195	38	5
0	38	1

mv196	36	5
0	36	1

mv197	45	5
0	45	1

mv198	40	5
1	41

mv198	40	5
0	-1	0

mv199	47	5
0	-1	0

mv200	34	5
1	34

mv200	34	5
0	34	1

mv201	45	5
1	45

mv201	45	5
0	45	1

mv202	34	5
1	34

mv202	34	5
0	34	1

mv203	39	5
1	39

mv203	39	5
0	-1	0

mv204	21	5
1	21

mv204	21	5
0	21	1

mv205	25	5
1	25

mv205	25	5
0	25	1

mv206	40	5
0	40	1

mv207	30	5
1	30

mv207	30	5
0	-1	0

mv208	29	5
1	29

mv208	29	5
0	29	1

mv209	11	5
1	11

mv209	11	5
0	11	1

mv210	26	5
1	26

mv210	26	5
0	26	1

mv221	39	5
0	39	1

mv222	33	5
0	33	1

mv223	38	5
0	35	1

mv224	47	5
0	47	1

mv226	40	5
0	40	1

mv228	40	5
0	40	1

mv229	49	5
0	49	1

mv230	56	5
0	9223372036854775807	0

mv231	37	5
1	37

mv231	37	5
0	37	1

mv232	31	5
1	31

mv232	31	5
0	-1	0

mv233	27	5
1	27

mv233	27	5
0	-1	0

mv234	26	5
1	26

mv234	26	5
0	26	1

mv235	22	5
0	22	1

mv236	36	5
1	36

mv236	36	5
0	-1	0

mv237	29	5
1	29

mv237	29	5
0	-1	0

mv238	39	5
0	38	1

mv239	32	5
1	32

mv239	32	5
0	32	1

mv240	41	5
1	41

mv240	41	5
0	41	1

mv241	43	5
0	43	1

mv242	33	5
1	33

mv242	33	5
0	33	1

mv243	28	5
1	28

mv243	28	5
0	28	1

mv244	34	5
1	34

mv244	34	5
0	34	1

mv245	47	5
1	47

mv245	47	5
0	47	1

mv246	41	5
1	41

mv246	41	5
0	41	1

mv247	38	5
1	38

mv247	38	5
0	38	1

mv248	34	5
0	34	1

mv249	41	5
1	41

mv249	41	5
0	41	1

mv250	26	5
1	26

mv250	26	5
0	23	1

mv251	32	5
1	32

mv251	32	5
0	32	1

mv252	50	5
1	50

mv252	50	5
0	50	1

mv253	49	5
0	49	1

mv254	49	5
0	49	1

mv255	43	5
0	43	1

mv256	32	5
1	32

mv256	32	5
0	32	1

mv257	43	5
1	43

mv257	43	5
0	43	1

mv258	41	5
1	41

mv258	41	5
0	41	1

mv259	26	5
0	26	1

mv260	30	5
1	30

mv260	30	5
0	29	1

mv261	37	5
0	37	1

mv262	34	5
0	34	1

mv263	40	5
1	40

mv263	40	5
0	40	1

mv264	27	5
1	27

mv264	27	5
0	27	1

mv265	42	5
1	44

mv265	42	5
0	42	1

mv266	29	5
1	29

mv266	29	5
0	29	1

mv267	36	5
1	36

mv267	36	5
0	36	1

mv268	32	5
1	32

mv268	32	5
0	31	1

mv269	37	5
1	37

mv269	37	5
0	37	1

mv270	28	5
1	28

mv270	28	5
0	28	1

mv271	51	5
1	51

mv271	51	5
0	51	1

mv272	45	5
0	45	1

mv273	37	5
1	37

mv273	37	5
0	37	1

mv274	41	5
1	41

mv274	41	5
0	41	1

mv275	45	5
1	45

mv275	45	5
0	45	1

mv276	42	5
0	42	1

mv277	45	5
0	45	1

mv278	38	5
1	38

mv278	38	5
0	37	1

mv279	39	5
0	39	1

mv280	28	5
0	28	1

mv282	30	5
0	30	1

mv283	43	5
0	41	1

mv284	38	5
1	38

mv284	38	5
0	38	1

mv285	56	5
1	56

mv285	56	5
0	56	1

mv286	38	5
0	38	1

mv287	54	5
0	54	1

mv288	31	5
1	31

mv288	31	5
0	31	1

mv289	40	5
0	40	1

mv290	28	5
0	28	1

mv291	41	5
1	41

mv291	41	5
0	41	1

mv292	34	5
1	34

mv292	34	5
0	34	1

mv293	42	5
0	40	1

mv294	32	5
1	32

mv294	32	5
0	32	1

mv295	44	5
1	44

mv295	44	5
0	44	1

mv296	38	5
0	38	1

mv297	43	5
0	43	1

mv298	41	5
1	41

mv298	41	5
0	41	1

mv299	23	5
0	23	1

mv300	44	5
1	44

mv300	44	5
0	44	1

mv301	41	5
0	41	1

mv303	46	5
0	46	1

mv304	54	5
0	54	1

mv308	43	5
0	43	1

mv309	41	5
0	41	1

mv311	38	5
1	38

mv311	38	5
0	38	1

mv313	45	5
1	45

mv313	45	5
0	45	1

mv314	39	5
0	39	1

mv315	27	5
1	27

mv315	27	5
0	27	1

mv316	42	5
0	42	1

mv317	36	5
0	36	1

mv318	42	5
0	42	1

mv319	32	5
1	32

mv319	32	5
0	32	1

mv320	42	5
1	42

mv320	42	5
0	42	1

mv321	52	5
0	52	1

mv322	69	5
0	69	1

mv323	41	5
1	41

mv323	41	5
0	41	1

mv324	33	5
0	33	1

mv325	34	5
0	34	1

mv327	39	5
1	39

mv327	39	5
0	39	1

mv328	30	5
0	30	1

mv329	59	5
0	59	1

mv330	40	5
0	40	1

mv332	43	5
0	43	1

mv337	40	5
0	40	1

mv341	49	5
1	49

mv341	49	5
0	49	1

mv342	37	5
0	37	1

mv343	47	5
0	47	1

mv344	50	5
0	50	1

mv345	70	5
0	-1	0

mv346	30	5
0	30	1

mv348	55	5
0	55	1

mv350	37	5
0	37	1

mv351	60	5
0	60	1

mv352	38	5
1	38

mv352	38	5
0	38	1

mv354	51	5
1	51

mv354	51	5
0	-1	0

mv356	39	5
0	39	1

mv357	59	5
0	59	0

mv358	41	5
0	41	1

mv360	48	5
1	48

mv360	48	5
0	48	1

mv361	61	5
1	61

mv361	61	5
0	-1	0

mv362	50	5
1	50

mv362	50	5
0	50	1

mv363	46	5
1	47

mv363	46	5
0	46	1

mv364	37	5
1	37

mv364	37	5
0	36	1

mv365	40	5
1	40

mv365	40	5
0	40	1

mv366	48	5
1	48

mv366	48	5
0	48	1

mv367	49	5
1	49

mv367	49	5
0	49	1

mv368	52	5
1	52

mv368	52	5
0	52	1

mv369	51	5
1	55

mv369	51	5
0	51	1

mv370	42	5
1	42

mv370	42	5
0	40	1

mv371	50	5
1	50

mv371	50	5
0	50	1

mv372	40	5
1	40

mv372	40	5
0	39	1

mv373	44	5
1	44

mv373	44	5
0	44	1

mv374	52	5
1	52

mv374	52	5
0	50	1

mv375	41	5
1	44

mv375	41	5
0	41	1

mv376	59	5
1	59

mv376	59	5
0	59	1

mv377	56	5
1	56

mv377	56	5
0	56	1

mv378	42	5
1	42

mv378	42	5
0	42	1

mv379	42	5
1	42

mv379	42	5
0	42	1

mv380	32	5
1	32

mv380	32	5
0	32	1

mv381	35	5
1	36

mv381	35	5
0	35	1

mv382	38	5
1	39

mv382	38	5
0	38	1

mv383	41	5
1	41

mv383	41	5
0	41	1

mv384	43	5
1	43

mv384	43	5
0	42	1

mv385	34	5
1	34

mv385	34	5
0	34	1

mv386	42	5
1	42

mv386	42	5
0	42	1

mv387	53	5
1	53

mv387	53	5
0	53	1

mv388	41	5
1	41

mv388	41	5
0	41	1

mv389	45	5
1	45

mv389	45	5
0	45	1

mv390	45	5
1	45

mv390	45	5
0	45	1

mv391	55	5
1	62

mv391	55	5
0	54	0

mv392	49	5
1	49

mv392	49	5
0	49	1

mv393	58	5
1	58

mv393	58	5
0	59	0

mv394	57	5
1	57

mv394	57	5
0	55	0

mv395	65	5
1	66

mv395	65	5
0	-1	0

mv396	48	5
1	53

mv396	48	5
0	48	1

mv397	71	5
1	74

mv397	71	5
0	77	0

mv398	54	5
1	56

mv398	54	5
0	53	0

mv399	55	5
0	54	0

mv400	57	5
1	60

mv400	57	5
0	53	0

mv401	46	5
1	46

mv401	46	5
0	46	1

mv402	58	5
1	61

mv402	58	5
0	56	1

mv403	44	5
1	49

mv403	44	5
0	44	1

mv404	51	5
1	53

mv404	51	5
0	-1	0

mv405	55	5
1	56

mv405	55	5
0	55	1

mv406	50	5
1	56

mv406	50	5
0	-1	0

mv407	53	5
1	53

mv407	53	5
0	52	1

mv408	41	5
1	41

mv408	41	5
0	40	1

mv409	53	5
1	54

mv409	53	5
0	-1	0

mv410	56	5
1	61

mv410	56	5
0	-1	0

mv411	40	5
1	40

mv411	40	5
0	40	1

mv412	35	5
1	35

mv412	35	5
0	35	1

mv413	41	5
1	41

mv413	41	5
0	-1	0

mv414	34	5
1	34

mv414	34	5
0	34	1

mv415	44	5
1	44

mv415	44	5
0	44	1

mv416	46	5
1	47

mv416	46	5
0	-1	0

mv417	49	5
1	49

mv417	49	5
0	-1	0

mv418	48	5
1	48

mv418	48	5
0	-1	0

mv419	46	5
1	46

mv419	46	5
0	44	1

mv420	35	5
1	38

mv420	35	5
0	35	1

mv421	85	5
1	85

mv421	85	5
0	88	0

mv422	75	5
0	75	0

mv423	61	5
0	63	0

mv424	78	5
0	78	0

mv425	91	5
1	91

mv425	91	5
0	96	0

mv426	64	5
0	66	0

mv427	63	5
1	63

mv427	63	5
0	63	0

mv428	82	5
0	-1	0

mv429	70	5
1	70

mv429	70	5
0	74	0

mv430	62	5
1	69

mv430	62	5
0	58	1

mv431	48	5
1	51

mv431	48	5
0	-1	0

mv432	76	5
1	78

mv432	76	5
0	-1	0

mv433	54	5
1	54

mv433	54	5
0	53	1

mv434	47	5
1	47

mv434	47	5
0	-1	0

mv435	54	5
1	54

mv435	54	5
0	53	0

mv436	56	5
1	56

mv436	56	5
0	56	1

mv437	52	5
1	56

mv437	52	5
0	-1	0

mv438	65	5
1	65

mv438	65	5
0	-1	0

mv439	67	5
1	70

mv439	67	5
0	-1	0

mv440	54	5
1	57

mv440	54	5
0	54	1

mv441	35	5
1	35

mv441	35	5
0	35	1

mv442	48	5
1	50

mv442	48	5
0	-1	0

mv443	47	5
1	47

mv443	47	5
0	-1	0

mv444	48	5
1	48

mv444	48	5
0	47	1

mv445	41	5
1	42

mv445	41	5
0	41	1

mv446	48	5
1	48

mv446	48	5
0	-1	0

mv447	45	5
1	46

mv447	45	5
0	-1	0

mv448	44	5
1	45

mv448	44	5
0	-1	0

mv449	42	5
1	42

mv449	42	5
c encoding used for the objective but only one free integer in the objective
0	42	1

mv450	46	5
1	46

mv450	46	5
0	-1	0

mv452	73	5
0	73	0

mv453	88	5
0	94	0

mv454	102	5
0	110	0

mv456	79	5
0	79	0

mv461	61	5
1	61

mv461	61	5
0	-1	0

mv462	57	5
1	59

mv462	57	5
0	-1	0

mv463	75	5
1	75

mv463	75	5
0	74	0

mv464	70	5
1	70

mv464	70	5
0	-1	0

mv465	60	5
1	64

mv465	60	5
0	-1	0

mv466	65	5
0	65	0

mv467	60	5
1	60

mv467	60	5
0	-1	0

mv468	51	5
1	51

mv468	51	5
0	-1	0

mv469	57	5
1	59

mv469	57	5
0	-1	0

mv470	64	5
1	69

mv470	64	5
0	66	0

mv471	50	5
1	50

mv471	50	5
0	-1	0

mv472	50	5
1	53

mv472	50	5
0	51	0

mv473	48	5
1	50

mv473	48	5
0	-1	0

mv474	47	5
1	47

mv474	47	5
0	46	1

mv475	48	5
1	49

mv475	48	5
0	47	0

mv476	42	5
1	45

mv476	42	5
0	-1	0

mv477	56	5
1	59

mv477	56	5
0	-1	0

mv478	55	5
1	56

mv478	55	5
0	-1	0

mv479	51	5
1	51

mv479	51	5
0	-1	0

mv480	41	5
1	42

mv480	41	5
0	-1	0

