j3010_0	42	1
1	42

j3010_0	42	1
0	-1	0

j3010_1	56	1
1	57

j3010_1	56	1
0	-1	0

j3010_2	62	1
1	65

j3010_2	62	1
0	-1	0

j3010_3	58	1
1	59

j3010_3	58	1
0	-1	0

j3010_4	41	1
1	42

j3010_4	41	1
0	-1	0

j3010_5	44	1
1	45

j3010_5	44	1
0	-1	0

j3010_6	49	1
1	50

j3010_6	49	1
0	-1	0

j3010_7	54	1
1	55

j3010_7	54	1
0	-1	0

j3010_8	49	1
1	50

j3010_8	49	1
0	-1	0

j3010_9	41	1
1	41

j3010_9	41	1
0	-1	0

j301_0	43	1
1	44

j301_0	43	1
0	43	1

j3011_0	54	1
1	55

j3011_0	54	1
0	53	1

j3011_1	56	1
1	58

j3011_1	56	1
0	-1	0

j3011_2	81	1
1	81

j3011_2	81	1
0	-1	0

j3011_3	63	1
1	63

j3011_3	63	1
0	-1	0

j3011_4	49	1
1	50

j3011_4	49	1
0	-1	0

j3011_5	44	1
1	44

j3011_5	44	1
0	-1	0

j3011_6	36	1
1	36

j3011_6	36	1
0	-1	0

j3011_7	62	1
1	62

j3011_7	62	1
0	62	1

j3011_8	67	1
1	67

j3011_8	67	1
0	-1	0

j3011_9	38	1
1	38

j3011_9	38	1
0	38	1

j301_1	47	1
1	47

j301_1	47	1
0	47	1

j3012_0	47	1
1	47

j3012_0	47	1
0	-1	0

j3012_1	46	1
1	46

j3012_1	46	1
0	-1	0

j3012_2	37	1
1	37

j3012_2	37	1
0	-1	0

j3012_3	63	1
1	63

j3012_3	63	1
0	-1	0

j3012_4	47	1
1	47

j3012_4	47	1
0	-1	0

j3012_5	53	1
1	53

j3012_5	53	1
0	-1	0

j3012_6	55	1
1	55

j3012_6	55	1
0	-1	0

j3012_7	35	1
1	35

j3012_7	35	1
0	-1	0

j3012_8	52	1
1	52

j3012_8	52	1
0	-1	0

j3012_9	57	1
1	57

j3012_9	57	1
0	-1	0

j301_2	47	1
1	47

j301_2	47	1
0	46	1

j301_3	62	1
1	61

j301_3	62	1
0	60	0

j301_4	39	1
1	38

j301_4	39	1
File j301_4.wcnf does not exist!
j301_5	48	1
1	48

j301_5	48	1
File j301_5.wcnf does not exist!
j301_6	60	1
1	60

j301_6	60	1
0	60	1

j301_7	53	1
1	53

j301_7	53	1
0	53	1

j301_8	49	1
1	51

j301_8	49	1
0	47	0

j301_9	45	1
1	46

j301_9	45	1
0	44	1

j302_0	38	1
1	38

j302_0	38	1
0	36	1

j302_1	51	1
1	51

j302_1	51	1
0	51	0

j302_2	43	1
1	43

j302_2	43	1
0	43	1

j302_3	43	1
1	43

j302_3	43	1
0	43	1

j302_4	51	1
1	51

j302_4	51	1
0	51	1

j302_5	47	1
1	47

j302_5	47	1
0	47	1

j302_6	47	1
1	47

j302_6	47	1
0	47	1

j302_7	54	1
1	54

j302_7	54	1
0	54	1

j302_8	54	1
1	52

j302_8	54	1
0	52	1

j302_9	43	1
1	43

j302_9	43	1
0	43	1

j303_0	72	1
1	72

j303_0	72	1
0	-1	0

j303_1	40	1
1	40

j303_1	40	1
0	40	1

j303_2	57	1
1	57

j303_2	57	1
0	57	1

j303_3	98	1
1	104

j303_3	98	1
0	98	1

j303_4	53	1
1	51

j303_4	53	1
0	50	1

j303_5	54	1
1	54

j303_5	54	1
0	54	1

j303_6	48	1
1	48

j303_6	48	1
0	48	1

j303_7	54	1
1	54

j303_7	54	1
0	54	1

j303_8	65	1
1	64

j303_8	65	1
0	62	1

j303_9	59	1
1	59

j303_9	59	1
0	59	1

j304_0	49	1
1	49

j304_0	49	1
0	49	1

j304_1	60	1
1	60

j304_1	60	1
0	-1	0

j304_2	47	1
1	47

j304_2	47	1
0	-1	0

j304_3	57	1
1	57

j304_3	57	1
0	-1	0

j304_4	59	1
1	59

j304_5	45	1
1	45

j304_5	45	1
0	45	1

j304_6	56	1
1	56

j304_6	56	1
0	-1	0

j304_7	55	1
1	55

j304_7	55	1
0	55	1

j304_8	38	1
1	38

j304_8	38	1
0	38	1

j304_9	48	1
1	48

j304_9	48	1
0	48	1

j305_0	53	1
1	54

j305_0	53	1
0	52	0

j305_1	82	1
1	85

j305_1	82	1
0	-1	0

j305_2	76	1
1	78

j305_2	76	1
0	-1	0

j305_3	63	1
1	64

j305_3	63	1
0	-1	0

j305_4	76	1
1	78

j305_4	76	1
0	77	0

j305_5	64	1
1	64

j305_5	64	1
0	64	0

j305_6	76	1
1	79

j305_6	76	1
0	-1	0

j305_7	67	1
1	70

j305_7	67	1
0	-1	0

j305_8	49	1
1	54

j305_8	49	1
0	47	0

j305_9	70	1
1	72

j305_9	70	1
0	-1	0

j306_0	59	1
1	62

j306_0	59	1
0	-1	0

j306_1	51	1
1	50

j306_1	51	1
0	-1	0

j306_2	48	1
1	48

j306_2	48	1
0	-1	0

j306_3	42	1
1	41

j306_3	42	1
0	-1	0

j306_4	67	1
1	67

j306_4	67	1
0	-1	0

j306_5	37	1
1	39

j306_5	37	1
0	36	1

j306_6	46	1
1	49

j306_6	46	1
0	-1	0

j306_7	39	1
1	42

j306_7	39	1
0	-1	0

j306_8	51	1
1	51

j306_8	51	1
0	-1	0

j306_9	61	1
1	61

j306_9	61	1
0	-1	0

j307_0	55	1
1	55

j307_0	55	1
0	-1	0

j307_1	42	1
1	42

j307_1	42	1
0	-1	0

j307_2	42	1
1	42

j307_2	42	1
0	42	1

j307_3	44	1
1	44

j307_3	44	1
0	44	1

j307_4	44	1
1	44

j307_4	44	1
0	-1	0

j307_5	35	1
1	36

j307_5	35	1
0	-1	0

j307_6	50	1
1	51

j307_6	50	1
0	-1	0

j307_7	44	1
1	44

j307_7	44	1
0	-1	0

j307_8	60	1
1	57

j307_8	60	1
0	-1	0

j307_9	49	1
1	48

j307_9	49	1
0	-1	0

j308_0	44	1
1	44

j308_0	44	1
0	-1	0

j308_1	51	1
1	51

j308_1	51	1
0	-1	0

j308_2	53	1
1	53

j308_2	53	1
0	-1	0

j308_3	48	1
1	48

j308_3	48	1
0	-1	0

j308_4	58	1
1	58

j308_4	58	1
0	-1	0

j308_5	47	1
1	47

j308_5	47	1
0	-1	0

j308_6	41	1
1	41

j308_6	41	1
0	-1	0

j308_7	51	1
1	51

j308_7	51	1
0	-1	0

j308_8	39	1
1	39

j308_8	39	1
0	-1	0

j308_9	67	1
1	67

j308_9	67	1
0	67	1

j309_0	83	1
1	83

j309_0	83	1
0	-1	0

j309_1	92	1
1	94

j309_1	92	1
0	98	0

j309_2	68	1
1	72

j309_2	68	1
0	75	0

j309_3	71	1
1	75

j309_3	71	1
0	-1	0

j309_4	70	1
1	70

j309_4	70	1
0	-1	0

j309_5	59	1
1	64

j309_5	59	1
0	-1	0

j309_6	63	1
1	65

j309_6	63	1
0	69	0

j309_7	91	1
1	95

j309_7	91	1
0	-1	0

j309_8	63	1
1	68

j309_8	63	1
0	-1	0

j309_9	88	1
1	92

j309_9	88	1
0	-1	0

j3013_0	58	1
1	63

j3013_0	58	1
0	-1	0

j3013_1	62	1
1	65

j3013_1	62	1
0	-1	0

j3013_2	76	1
1	79

j3013_2	76	1
0	89	0

j3013_3	72	1
1	76

j3013_3	72	1
0	-1	0

j3013_4	67	1
1	73

j3013_4	67	1
0	74	0

j3013_5	64	1
1	66

j3013_5	64	1
0	9223372036854775807	0

j3013_6	77	1
1	79

j3013_6	77	1
0	-1	0

j3013_7	106	1
1	111

j3013_7	106	1
0	-1	0

j3013_8	71	1
1	73

j3013_8	71	1
0	-1	0

j3013_9	64	1
1	67

j3013_9	64	1
0	79	0

j3014_0	50	1
1	50

j3014_0	50	1
0	-1	0

j3014_1	53	1
1	54

j3014_1	53	1
0	-1	0

j3014_2	58	1
1	61

j3014_2	58	1
0	-1	0

j3014_3	50	1
1	51

j3014_3	50	1
0	-1	0

j3014_4	52	1
1	54

j3014_4	52	1
0	-1	0

j3014_5	35	1
1	36

j3014_5	35	1
0	44	0

j3014_6	50	1
1	54

j3014_6	50	1
0	-1	0

j3014_7	54	1
1	55

j3014_7	54	1
0	-1	0

j3014_8	46	1
1	48

j3014_8	46	1
0	-1	0

j3014_9	61	1
1	62

j3014_9	61	1
0	-1	0

j3015_0	46	1
1	46

j3015_0	46	1
0	-1	0

j3015_1	47	1
1	47

j3015_1	47	1
0	-1	0

j3015_2	48	1
1	48

j3015_2	48	1
0	-1	0

j3015_3	48	1
1	48

j3015_3	48	1
0	-1	0

j3015_4	58	1
1	61

j3015_4	58	1
0	-1	0

j3015_5	67	1
1	67

j3015_5	67	1
0	-1	0

j3015_6	47	1
1	47

j3015_6	47	1
0	-1	0

j3015_7	50	1
1	50

j3015_7	50	1
0	-1	0

j3015_8	54	1
1	54

j3015_8	54	1
0	-1	0

j3015_9	65	1
1	65

j3015_9	65	1
0	-1	0

j3016_0	51	1
1	51

j3016_0	51	1
0	-1	0

j3016_1	48	1
1	48

j3016_1	48	1
0	-1	0

j3016_2	36	1
1	36

j3016_2	36	1
0	-1	0

j3016_3	47	1
1	47

j3016_3	47	1
0	-1	0

j3016_4	51	1
1	51

j3016_4	51	1
0	-1	0

j3016_5	51	1
1	51

j3016_5	51	1
0	-1	0

j3016_6	34	1
1	34

j3016_6	34	1
0	-1	0

j3016_7	44	1
1	44

j3016_7	44	1
0	44	1

j3016_8	44	1
1	44

j3016_8	44	1
0	-1	0

j3016_9	51	1
1	51

j3016_9	51	1
0	-1	0

j3017_0	64	1
1	63

j3017_0	64	1
0	64	0

j3017_1	68	1
1	68

j3017_1	68	1
0	68	0

j3017_2	60	1
1	60

j3017_2	60	1
0	60	1

j3017_3	49	1
1	49

j3017_3	49	1
File j3017_3.wcnf does not exist!
j3017_4	47	1
1	47

j3017_5	63	1
1	63

j3017_5	63	1
0	63	1

j3017_6	57	1
1	57

j3017_6	57	1
0	57	0

j3017_7	61	1
1	62

j3017_7	61	1
0	61	1

j3017_8	48	1
1	48

j3017_8	48	1
0	47	1

j3017_9	66	1
1	67

j3017_9	66	1
0	-1	0

j3018_0	53	1
1	52

j3018_0	53	1
0	-1	0

j3018_1	55	1
1	55

j3018_1	55	1
0	55	1

j3018_2	56	1
1	59

j3018_2	56	1
0	56	1

j3018_3	70	1
1	70

j3018_3	70	1
0	70	1

j3018_4	52	1
1	53

j3018_4	52	1
0	52	1

j3018_5	62	1
1	65

j3018_5	62	1
0	-1	0

j3018_6	48	1
1	48

j3018_6	48	1
0	-1	0

j3018_7	52	1
1	52

j3018_7	52	1
0	-1	0

j3018_8	47	1
1	47

j3018_8	47	1
0	47	1

j3018_9	49	1
1	45

j3018_9	49	1
0	46	1

j3019_0	40	1
1	40

j3019_0	40	1
0	39	1

j3019_1	58	1
1	58

j3019_1	58	1
0	58	1

j3019_2	83	1
1	83

j3019_2	83	1
0	-1	0

j3019_3	39	1
1	39

j3019_3	39	1
0	39	1

j3019_4	48	1
1	47

j3019_4	48	1
0	47	1

j3019_5	49	1
1	49

j3019_5	49	1
0	49	1

j3019_6	57	1
1	55

j3019_6	57	1
0	-1	0

j3019_7	55	1
1	55

j3019_7	55	1
0	55	1

j3019_8	38	1
1	39

j3019_8	38	1
0	38	1

j3019_9	47	1
1	47

j3019_9	47	1
0	47	1

j3020_0	57	1
1	57

j3020_0	57	1
0	-1	0

j3020_1	70	1
1	70

j3020_1	70	1
0	70	1

j3020_2	49	1
1	49

j3020_2	49	1
0	-1	0

j3020_3	43	1
1	43

j3020_3	43	1
0	43	1

j3020_4	61	1
1	61

j3020_4	61	1
0	61	1

j3020_5	51	1
1	51

j3020_5	51	1
0	51	1

j3020_6	42	1
1	42

j3020_6	42	1
0	-1	0

j3020_7	51	1
1	51

j3020_7	51	1
0	51	1

j3020_8	41	1
1	41

j3020_8	41	1
0	-1	0

j3020_9	37	1
1	37

j3020_9	37	1
0	37	1

j3021_0	84	1
1	87

j3021_0	84	1
0	83	0

j3021_1	59	1
1	61

j3021_1	59	1
0	79	0

j3021_2	76	1
1	76

j3021_2	76	1
0	75	0

j3021_3	70	1
1	74

j3021_3	70	1
File j3021_3.wcnf does not exist!
j3021_4	55	1
1	55

j3021_4	55	1
0	57	0

j3021_5	76	1
1	78

j3021_5	76	1
0	-1	0

j3021_6	65	1
1	71

j3021_6	65	1
0	-1	0

j3021_7	62	1
1	65

j3021_7	62	1
0	-1	0

j3021_8	69	1
1	70

j3021_8	69	1
0	-1	0

j3021_9	69	1
1	71

j3021_9	69	1
0	-1	0

j3022_0	42	1
1	43

j3022_0	42	1
0	-1	0

j3022_1	45	1
1	45

j3022_1	45	1
0	45	1

j3022_2	63	1
1	62

j3022_2	63	1
0	-1	0

j3022_3	42	1
1	42

j3022_3	42	1
0	-1	0

j3022_4	52	1
1	53

j3022_4	52	1
0	-1	0

j3022_5	52	1
1	52

j3022_5	52	1
0	-1	0

j3022_6	60	1
1	60

j3022_6	60	1
0	-1	0

j3022_7	55	1
1	57

j3022_7	55	1
0	-1	0

j3022_8	76	1
1	76

j3022_8	76	1
0	-1	0

j3022_9	55	1
1	55

j3022_9	55	1
0	-1	0

j3023_0	63	1
1	63

j3023_0	63	1
0	63	1

j3023_1	53	1
1	53

j3023_1	53	1
0	-1	0

j3023_2	46	1
1	46

j3023_2	46	1
0	46	1

j3023_3	65	1
1	67

j3023_3	65	1
0	-1	0

j3023_4	52	1
1	52

j3023_4	52	1
0	-1	0

j3023_5	48	1
1	49

j3023_5	48	1
0	-1	0

j3023_6	60	1
1	62

j3023_6	60	1
0	-1	0

j3023_7	48	1
1	50

j3023_7	48	1
0	-1	0

j3023_8	63	1
1	64

j3023_8	63	1
0	-1	0

j3023_9	61	1
1	61

j3023_9	61	1
0	-1	0

j3024_0	53	1
1	53

j3024_0	53	1
0	-1	0

j3024_1	58	1
1	58

j3024_1	58	1
0	-1	0

j3024_2	69	1
1	69

j3024_2	69	1
0	-1	0

j3024_3	53	1
1	53

j3024_3	53	1
0	-1	0

j3024_4	51	1
1	51

j3024_4	51	1
0	-1	0

j3024_5	56	1
1	56

j3024_5	56	1
0	-1	0

j3024_6	44	1
1	44

j3024_6	44	1
0	-1	0

j3024_7	38	1
1	38

j3024_7	38	1
0	-1	0

j3024_8	43	1
1	43

j3024_8	43	1
0	-1	0

j3024_9	53	1
1	53

j3024_9	53	1
0	-1	0

j3025_0	93	1
1	95

j3025_0	93	1
0	-1	0

j3025_1	75	1
1	77

j3025_1	75	1
0	-1	0

j3025_2	76	1
1	78

j3025_2	76	1
0	-1	0

j3025_3	81	1
1	83

j3025_3	81	1
0	9223372036854775807	0

j3025_4	72	1
1	73

j3025_4	72	1
0	-1	0

j3025_5	58	1
1	63

j3025_5	58	1
0	-1	0

j3025_6	95	1
1	95

j3025_6	95	1
0	-1	0

j3025_7	69	1
1	70

j3025_7	69	1
0	-1	0

j3025_8	84	1
1	91

j3025_8	84	1
0	-1	0

j3025_9	58	1
1	60

j3025_9	58	1
0	59	0

j3026_0	59	1
1	59

j3026_0	59	1
0	-1	0

j3026_1	40	1
1	40

j3026_1	40	1
0	-1	0

j3026_2	58	1
1	58

j3026_2	58	1
0	-1	0

j3026_3	62	1
1	62

j3026_3	62	1
0	-1	0

j3026_4	74	1
1	74

j3026_4	74	1
0	-1	0

j3026_5	53	1
1	56

j3026_5	53	1
0	-1	0

j3026_6	56	1
1	57

j3026_6	56	1
0	-1	0

j3026_7	66	1
1	66

j3026_7	66	1
0	-1	0

j3026_8	43	1
1	44

j3026_8	43	1
0	-1	0

j3026_9	49	1
1	51

j3026_9	49	1
0	-1	0

j3027_0	43	1
1	43

j3027_0	43	1
0	-1	0

j3027_1	58	1
1	58

j3027_1	58	1
0	-1	0

j3027_2	60	1
1	60

j3027_2	60	1
0	-1	0

j3027_3	64	1
1	65

j3027_3	64	1
0	-1	0

j3027_4	49	1
1	50

j3027_4	49	1
0	-1	0

j3027_5	59	1
1	61

j3027_5	59	1
0	-1	0

j3027_6	49	1
1	50

j3027_6	49	1
0	-1	0

j3027_7	66	1
1	66

j3027_7	66	1
0	-1	0

j3027_8	55	1
1	55

j3027_8	55	1
0	-1	0

j3027_9	62	1
1	62

j3027_9	62	1
0	-1	0

j3028_0	69	1
1	69

j3028_0	69	1
0	69	1

j3028_1	57	1
1	57

j3028_1	57	1
0	-1	0

j3028_2	40	1
1	40

j3028_2	40	1
0	-1	0

j3028_3	49	1
1	49

j3028_3	49	1
0	-1	0

j3028_4	73	1
1	73

j3028_4	73	1
0	-1	0

j3028_5	55	1
1	55

j3028_5	55	1
0	-1	0

j3028_6	48	1
1	48

j3028_6	48	1
0	-1	0

j3028_7	53	1
1	53

j3028_7	53	1
0	-1	0

j3028_8	62	1
1	62

j3028_8	62	1
0	-1	0

j3028_9	59	1
1	59

j3028_9	59	1
0	-1	0

j3029_0	85	1
1	90

j3029_0	85	1
0	-1	0

j3029_1	90	1
1	96

j3029_1	90	1
0	-1	0

j3029_2	78	1
1	80

j3029_2	78	1
0	-1	0

j3029_3	103	1
1	105

j3029_3	103	1
0	-1	0

j3029_4	98	1
1	100

j3029_4	98	1
0	133	0

j3029_5	92	1
1	99

j3029_5	92	1
0	-1	0

j3029_6	73	1
1	77

j3029_6	73	1
0	-1	0

j3029_7	80	1
1	86

j3029_7	80	1
0	-1	0

j3029_8	97	1
1	110

j3029_8	97	1
0	9223372036854775807	0

j3029_9	76	1
1	80

j3029_9	76	1
0	-1	0

j3030_0	47	1
1	49

j3030_0	47	1
0	-1	0

j3030_1	68	1
1	70

j3030_1	68	1
0	-1	0

j3030_2	55	1
1	58

j3030_2	55	1
0	-1	0

j3030_3	53	1
1	57

j3030_3	53	1
0	-1	0

j3030_4	54	1
1	56

j3030_4	54	1
0	-1	0

j3030_5	62	1
1	64

j3030_5	62	1
0	-1	0

j3030_6	68	1
1	71

j3030_6	68	1
0	-1	0

j3030_7	46	1
1	48

j3030_7	46	1
0	-1	0

j3030_8	46	1
1	46

j3030_8	46	1
0	-1	0

j3030_9	53	1
1	55

j3030_9	53	1
0	-1	0

j3031_0	43	1
1	43

j3031_0	43	1
0	-1	0

j3031_1	63	1
1	63

j3031_1	63	1
0	-1	0

j3031_2	58	1
1	58

j3031_2	58	1
0	-1	0

j3031_3	50	1
1	50

j3031_3	50	1
0	-1	0

j3031_4	52	1
1	55

j3031_4	52	1
0	-1	0

j3031_5	53	1
1	53

j3031_5	53	1
0	-1	0

j3031_6	61	1
1	61

j3031_6	61	1
0	-1	0

j3031_7	58	1
1	58

j3031_7	58	1
0	-1	0

j3031_8	50	1
1	50

j3031_8	50	1
0	-1	0

j3031_9	55	1
1	56

j3031_9	55	1
0	-1	0

j3032_0	61	1
1	61

j3032_0	61	1
0	-1	0

j3032_1	60	1
1	60

j3032_1	60	1
0	-1	0

j3032_2	57	1
1	57

j3032_2	57	1
0	-1	0

j3032_3	68	1
1	68

j3032_3	68	1
0	-1	0

j3032_4	54	1
1	54

j3032_4	54	1
0	-1	0

j3032_5	44	1
1	44

j3032_5	44	1
0	-1	0

j3032_6	35	1
1	35

j3032_6	35	1
0	-1	0

j3032_7	54	1
1	54

j3032_7	54	1
0	-1	0

j3032_8	65	1
1	65

j3032_8	65	1
0	-1	0

j3032_9	51	1
1	51

j3032_9	51	1
0	-1	0

j3033_0	65	1
1	65

j3033_0	65	1
0	65	1

j3033_1	60	1
1	60

j3033_1	60	1
0	59	1

j3033_2	55	1
1	53

j3033_2	55	1
0	51	1

j3033_3	77	1
1	77

j3033_3	77	1
0	77	1

j3033_4	53	1
1	54

j3033_4	53	1
0	-1	0

j3033_5	59	1
1	60

j3033_5	59	1
File j3033_5.wcnf does not exist!
j3033_6	58	1
1	58

j3033_6	58	1
0	58	1

j3033_7	61	1
1	59

j3033_7	61	1
File j3033_7.wcnf does not exist!
j3033_8	65	1
1	66

j3033_8	65	1
0	67	0

j3033_9	53	1
1	53

j3033_9	53	1
0	53	1

j3034_0	68	1
1	68

j3034_0	68	1
0	68	1

j3034_1	44	1
1	43

j3034_1	44	1
0	43	1

j3034_2	69	1
1	69

j3034_2	69	1
0	69	1

j3034_3	67	1
1	69

j3034_3	67	1
0	67	1

j3034_4	63	1
1	63

j3034_4	63	1
0	63	1

j3034_5	52	1
1	52

j3034_5	52	1
0	52	1

j3034_6	58	1
1	58

j3034_6	58	1
0	-1	0

j3034_7	58	1
1	57

j3034_7	58	1
0	55	1

j3034_8	60	1
1	60

j3034_8	60	1
0	60	1

j3034_9	47	1
1	47

j3034_9	47	1
0	47	1

j3035_0	57	1
1	57

j3035_0	57	1
0	57	1

j3035_1	53	1
1	57

j3035_1	53	1
0	-1	0

j3035_2	60	1
1	60

j3035_2	60	1
0	60	1

j3035_3	50	1
1	50

j3035_3	50	1
0	48	1

j3035_4	60	1
1	60

j3035_4	60	1
0	60	1

j3035_5	58	1
1	58

j3035_5	58	1
0	58	1

j3035_6	61	1
1	61

j3035_6	61	1
0	61	1

j3035_7	63	1
1	64

j3035_7	63	1
0	63	1

j3035_8	59	1
1	62

j3035_8	59	1
0	59	1

j3035_9	59	1
1	59

j3035_9	59	1
0	-1	0

j3036_0	66	1
1	66

j3036_0	66	1
0	-1	0

j3036_1	44	1
1	44

j3036_1	44	1
0	44	1

j3036_2	61	1
1	61

j3036_2	61	1
0	61	1

j3036_3	59	1
1	59

j3036_3	59	1
0	59	1

j3036_4	64	1
1	64

j3036_4	64	1
0	-1	0

j3036_5	46	1
1	46

j3036_5	46	1
0	46	1

j3036_6	56	1
1	56

j3036_6	56	1
0	56	1

j3036_7	63	1
1	63

j3036_7	63	1
0	63	1

j3036_8	59	1
1	59

j3036_8	59	1
0	59	1

j3036_9	59	1
1	59

j3036_9	59	1
0	59	1

j3037_0	79	1
1	81

j3037_0	79	1
0	-1	0

j3037_1	69	1
1	72

j3037_1	69	1
0	69	0

j3037_2	81	1
1	81

j3037_2	81	1
0	-1	0

j3037_3	83	1
1	84

j3037_3	83	1
0	83	0

j3037_4	80	1
1	84

j3037_4	80	1
0	95	0

j3037_5	73	1
1	74

j3037_5	73	1
0	-1	0

j3037_6	92	1
1	92

j3037_6	92	1
0	104	0

j3037_7	72	1
1	77

j3037_7	72	1
0	89	0

j3037_8	57	1
1	57

j3037_8	57	1
0	-1	0

j3037_9	81	1
1	81

j3037_9	81	1
0	-1	0

j3038_0	48	1
1	49

j3038_0	48	1
0	46	1

j3038_1	54	1
1	55

j3038_1	54	1
0	-1	0

j3038_2	59	1
1	58

j3038_2	59	1
0	-1	0

j3038_3	59	1
1	60

j3038_3	59	1
0	61	0

j3038_4	71	1
1	76

j3038_4	71	1
0	-1	0

j3038_5	63	1
1	63

j3038_5	63	1
0	-1	0

j3038_6	65	1
1	67

j3038_6	65	1
0	-1	0

j3038_7	61	1
1	61

j3038_7	61	1
0	-1	0

j3038_8	63	1
1	63

j3038_8	63	1
0	-1	0

j3038_9	60	1
1	63

j3038_9	60	1
0	-1	0

j3039_0	55	1
1	55

j3039_0	55	1
0	-1	0

j3039_1	54	1
1	54

j3039_1	54	1
0	-1	0

j3039_2	54	1
1	55

j3039_2	54	1
0	-1	0

j3039_3	53	1
1	54

j3039_3	53	1
0	-1	0

j3039_4	55	1
1	57

j3039_4	55	1
0	-1	0

j3039_5	69	1
1	70

j3039_5	69	1
0	-1	0

j3039_6	56	1
1	56

j3039_6	56	1
0	-1	0

j3039_7	67	1
1	67

j3039_7	67	1
0	-1	0

j3039_8	64	1
1	65

j3039_8	64	1
0	-1	0

j3039_9	60	1
1	60

j3039_9	60	1
0	60	1

j3040_0	51	1
1	51

j3040_0	51	1
0	-1	0

j3040_1	56	1
1	56

j3040_1	56	1
0	-1	0

j3040_2	57	1
1	57

j3040_2	57	1
0	-1	0

j3040_3	57	1
1	57

j3040_3	57	1
0	-1	0

j3040_4	65	1
1	65

j3040_4	65	1
0	65	1

j3040_5	60	1
1	60

j3040_5	60	1
0	-1	0

j3040_6	46	1
1	46

j3040_6	46	1
0	-1	0

j3040_7	57	1
1	57

j3040_7	57	1
0	57	1

j3040_8	64	1
1	64

j3040_8	64	1
0	-1	0

j3040_9	51	1
1	51

j3040_9	51	1
0	-1	0

j3041_0	86	1
1	88

j3041_0	86	1
0	115	0

j3041_1	89	1
1	93

j3041_1	89	1
0	-1	0

j3041_2	85	1
1	86

j3041_2	85	1
0	86	0

j3041_3	78	1
1	80

j3041_3	78	1
0	-1	0

j3041_4	99	1
1	100

j3041_4	99	1
0	-1	0

j3041_5	103	1
1	103

j3041_5	103	1
0	9223372036854775807	0

j3041_6	92	1
1	95

j3041_6	92	1
0	-1	0

j3041_7	88	1
1	92

j3041_7	88	1
0	-1	0

j3041_8	92	1
1	95

j3041_8	92	1
0	102	0

j3041_9	99	1
1	99

j3041_9	99	1
0	-1	0

j3042_0	58	1
1	60

j3042_0	58	1
0	-1	0

j3042_1	50	1
1	52

j3042_1	50	1
0	-1	0

j3042_2	60	1
1	60

j3042_2	60	1
0	-1	0

j3042_3	49	1
1	50

j3042_3	49	1
0	48	0

j3042_4	52	1
1	52

j3042_4	52	1
0	-1	0

j3042_5	66	1
1	65

j3042_5	66	1
0	-1	0

j3042_6	66	1
1	66

j3042_6	66	1
0	66	1

j3042_7	82	1
1	83

j3042_7	82	1
0	-1	0

j3042_8	60	1
1	62

j3042_8	60	1
0	-1	0

j3042_9	75	1
1	76

j3042_9	75	1
0	-1	0

j3043_0	55	1
1	56

j3043_0	55	1
0	-1	0

j3043_1	43	1
1	43

j3043_1	43	1
0	-1	0

j3043_2	57	1
1	64

j3043_2	57	1
0	89	0

j3043_3	67	1
1	67

j3043_3	67	1
0	-1	0

j3043_4	64	1
1	64

j3043_4	64	1
0	-1	0

j3043_5	58	1
1	58

j3043_5	58	1
0	-1	0

j3043_6	52	1
1	52

j3043_6	52	1
0	-1	0

j3043_7	62	1
1	65

j3043_7	62	1
0	-1	0

j3043_8	57	1
1	56

j3043_8	57	1
0	-1	0

j3043_9	60	1
1	61

j3043_9	60	1
0	-1	0

j3044_0	50	1
1	50

j3044_0	50	1
0	-1	0

j3044_1	54	1
1	54

j3044_1	54	1
0	-1	0

j3044_2	51	1
1	51

j3044_2	51	1
0	-1	0

j3044_3	57	1
1	57

j3044_3	57	1
0	-1	0

j3044_4	55	1
1	55

j3044_4	55	1
0	-1	0

j3044_5	56	1
1	56

j3044_5	56	1
0	-1	0

j3044_6	42	1
1	42

j3044_6	42	1
0	-1	0

j3044_7	49	1
1	49

j3044_7	49	1
0	-1	0

j3044_8	64	1
1	64

j3044_8	64	1
0	-1	0

j3044_9	63	1
1	63

j3044_9	63	1
0	-1	0

j3045_0	82	1
1	83

j3045_0	82	1
0	-1	0

j3045_1	125	1
1	125

j3045_2	92	1
1	100

j3045_3	84	1
1	94

j3045_3	84	1
0	-1	0

j3045_4	86	1
1	88

j3045_4	86	1
0	-1	0

j3045_5	129	1
1	132

j3045_5	129	1
0	-1	0

j3045_6	101	1
1	108

j3045_6	101	1
0	123	0

j3045_7	94	1
1	97

j3045_7	94	1
0	-1	0

j3045_8	82	1
1	84

j3045_8	82	1
0	90	0

j3045_9	90	1
1	92

j3045_9	90	1
0	-1	0

j3046_0	59	1
1	63

j3046_0	59	1
0	69	0

j3046_1	67	1
1	68

j3046_1	67	1
0	-1	0

j3046_2	65	1
1	70

j3046_2	65	1
0	-1	0

j3046_3	64	1
1	75

j3046_3	64	1
0	-1	0

j3046_4	57	1
1	60

j3046_4	57	1
0	-1	0

j3046_5	59	1
1	62

j3046_5	59	1
0	-1	0

j3046_6	59	1
1	60

j3046_6	59	1
0	-1	0

j3046_7	58	1
1	63

j3046_7	58	1
0	-1	0

j3046_8	49	1
1	51

j3046_8	49	1
0	50	0

j3046_9	55	1
1	55

j3046_9	55	1
0	-1	0

j3047_0	58	1
1	58

j3047_0	58	1
0	-1	0

j3047_1	59	1
1	60

j3047_1	59	1
0	-1	0

j3047_2	55	1
1	56

j3047_2	55	1
0	-1	0

j3047_3	49	1
1	49

j3047_3	49	1
0	48	1

j3047_4	47	1
1	47

j3047_4	47	1
0	-1	0

j3047_5	53	1
1	55

j3047_5	53	1
0	-1	0

j3047_6	66	1
1	68

j3047_6	66	1
0	-1	0

j3047_7	48	1
1	48

j3047_7	48	1
0	-1	0

j3047_8	65	1
1	65

j3047_8	65	1
0	-1	0

j3047_9	60	1
1	62

j3047_9	60	1
0	-1	0

j3048_0	63	1
1	63

j3048_0	63	1
0	-1	0

j3048_1	54	1
1	54

j3048_1	54	1
0	-1	0

j3048_2	50	1
1	50

j3048_2	50	1
0	-1	0

j3048_3	57	1
1	57

j3048_3	57	1
0	-1	0

j3048_4	58	1
1	58

j3048_4	58	1
0	-1	0

j3048_5	58	1
1	58

j3048_5	58	1
0	-1	0

j3048_6	55	1
1	55

j3048_6	55	1
0	-1	0

j3048_7	44	1
1	44

j3048_7	44	1
0	-1	0

j3048_8	59	1
1	59

j3048_8	59	1
0	-1	0

j3048_9	54	1
1	54

j3048_9	54	1
0	-1	0

