Set1Pat100	75	1
1	78

Set1Pat100	75	1
0	-1	0

Set1Pat101	64	1
1	66

Set1Pat101	64	1
0	-1	0

Set1Pat102	69	1
1	71

Set1Pat102	69	1
0	-1	0

Set1Pat103	84	1
1	86

Set1Pat103	84	1
0	90	0

Set1Pat104	69	1
1	73

Set1Pat104	69	1
0	9223372036854775807	0

Set1Pat105	76	1
1	81

Set1Pat105	76	1
0	89	0

Set1Pat106	80	1
1	82

Set1Pat106	80	1
0	83	0

Set1Pat107	72	1
1	78

Set1Pat107	72	1
0	9223372036854775807	0

Set1Pat108	64	1
1	66

Set1Pat108	64	1
0	69	0

Set1Pat109	76	1
1	81

Set1Pat109	76	1
0	-1	0

Set1Pat10	65	1
1	67

Set1Pat10	65	1
0	71	0

Set1Pat110	65	1
1	69

Set1Pat110	65	1
0	-1	0

Set1Pat111	58	1
1	58

Set1Pat111	58	1
0	66	0

Set1Pat112	69	1
1	71

Set1Pat112	69	1
0	-1	0

Set1Pat113	70	1
1	75

Set1Pat113	70	1
0	-1	0

Set1Pat114	63	1
1	63

Set1Pat114	63	1
0	9223372036854775807	0

Set1Pat115	73	1
1	74

Set1Pat115	73	1
0	81	0

Set1Pat116	73	1
1	77

Set1Pat116	73	1
0	-1	0

Set1Pat117	67	1
1	72

Set1Pat117	67	1
0	71	0

Set1Pat118	66	1
1	71

Set1Pat118	66	1
0	-1	0

Set1Pat119	72	1
1	75

Set1Pat119	72	1
0	83	0

Set1Pat11	63	1
1	68

Set1Pat11	63	1
0	71	0

Set1Pat120	55	1
1	58

Set1Pat120	55	1
0	56	0

Set1Pat12	72	1
1	77

Set1Pat12	72	1
0	-1	0

Set1Pat13	70	1
1	71

Set1Pat13	70	1
0	74	0

Set1Pat14	62	1
1	65

Set1Pat14	62	1
0	9223372036854775807	0

Set1Pat15	53	1
1	56

Set1Pat15	53	1
0	58	0

Set1Pat16	60	1
1	62

Set1Pat16	60	1
0	9223372036854775807	0

Set1Pat17	61	1
1	64

Set1Pat17	61	1
0	-1	0

Set1Pat18	60	1
1	66

Set1Pat18	60	1
0	9223372036854775807	0

Set1Pat19	66	1
1	71

Set1Pat19	66	1
0	9223372036854775807	0

Set1Pat1	62	1
1	65

Set1Pat1	62	1
0	-1	0

Set1Pat20	58	1
1	62

Set1Pat20	58	1
0	76	0

Set1Pat21	64	1
1	69

Set1Pat21	64	1
0	-1	0

Set1Pat22	71	1
1	76

Set1Pat22	71	1
0	-1	0

Set1Pat23	60	1
1	63

Set1Pat23	60	1
0	-1	0

Set1Pat24	59	1
1	63

Set1Pat24	59	1
0	9223372036854775807	0

Set1Pat25	60	1
1	61

Set1Pat25	60	1
0	61	0

Set1Pat26	68	1
1	71

Set1Pat26	68	1
0	9223372036854775807	0

Set1Pat27	62	1
1	67

Set1Pat27	62	1
0	9223372036854775807	0

Set1Pat28	65	1
1	67

Set1Pat28	65	1
0	9223372036854775807	0

Set1Pat29	58	1
1	59

Set1Pat29	58	1
0	62	0

Set1Pat2	74	1
1	76

Set1Pat30	55	1
1	59

Set1Pat30	55	1
0	9223372036854775807	0

Set1Pat31	61	1
1	64

Set1Pat31	61	1
0	-1	0

Set1Pat32	54	1
1	59

Set1Pat32	54	1
0	60	0

Set1Pat33	63	1
1	67

Set1Pat33	63	1
0	69	0

Set1Pat34	76	1
1	78

Set1Pat34	76	1
0	9223372036854775807	0

Set1Pat35	62	1
1	66

Set1Pat35	62	1
0	65	0

Set1Pat36	62	1
1	67

Set1Pat36	62	1
0	68	0

Set1Pat37	65	1
1	67

Set1Pat37	65	1
0	9223372036854775807	0

Set1Pat38	68	1
1	72

Set1Pat38	68	1
0	-1	0

Set1Pat39	55	1
1	59

Set1Pat39	55	1
0	9223372036854775807	0

Set1Pat3	55	1
1	57

Set1Pat3	55	1
0	56	0

Set1Pat40	78	1
1	83

Set1Pat40	78	1
0	-1	0

Set1Pat41	67	1
1	68

Set1Pat41	67	1
0	-1	0

Set1Pat42	73	1
1	75

Set1Pat42	73	1
0	9223372036854775807	0

Set1Pat43	67	1
1	74

Set1Pat43	67	1
0	74	0

Set1Pat44	58	1
1	60

Set1Pat44	58	1
0	9223372036854775807	0

Set1Pat45	69	1
1	72

Set1Pat45	69	1
0	9223372036854775807	0

Set1Pat46	64	1
1	66

Set1Pat46	64	1
0	9223372036854775807	0

Set1Pat47	71	1
1	75

Set1Pat47	71	1
0	-1	0

Set1Pat48	66	1
1	68

Set1Pat48	66	1
0	-1	0

Set1Pat49	67	1
1	71

Set1Pat49	67	1
0	9223372036854775807	0

Set1Pat4	73	1
1	74

Set1Pat4	73	1
0	9223372036854775807	0

Set1Pat50	73	1
1	76

Set1Pat50	73	1
0	-1	0

Set1Pat51	59	1
1	64

Set1Pat51	59	1
0	64	0

Set1Pat52	67	1
1	68

Set1Pat52	67	1
0	73	0

Set1Pat53	60	1
1	63

Set1Pat53	60	1
0	-1	0

Set1Pat54	71	1
1	73

Set1Pat54	71	1
0	9223372036854775807	0

Set1Pat55	76	1
1	79

Set1Pat55	76	1
0	9223372036854775807	0

Set1Pat56	58	1
1	62

Set1Pat56	58	1
0	62	0

Set1Pat57	72	1
1	76

Set1Pat57	72	1
0	-1	0

Set1Pat58	54	1
1	57

Set1Pat58	54	1
0	9223372036854775807	0

Set1Pat59	63	1
1	66

Set1Pat59	63	1
0	69	0

Set1Pat5	71	1
1	75

Set1Pat5	71	1
0	79	0

Set1Pat60	58	1
1	60

Set1Pat60	58	1
0	9223372036854775807	0

Set1Pat61	65	1
1	69

Set1Pat61	65	1
0	72	0

Set1Pat62	61	1
1	63

Set1Pat62	61	1
0	68	0

Set1Pat63	66	1
1	72

Set1Pat63	66	1
0	-1	0

Set1Pat64	59	1
1	61

Set1Pat64	59	1
0	9223372036854775807	0

Set1Pat65	67	1
1	70

Set1Pat65	67	1
0	-1	0

Set1Pat66	66	1
1	70

Set1Pat66	66	1
0	9223372036854775807	0

Set1Pat67	66	1
1	71

Set1Pat67	66	1
0	9223372036854775807	0

Set1Pat68	54	1
1	59

Set1Pat68	54	1
0	9223372036854775807	0

Set1Pat69	61	1
1	63

Set1Pat69	61	1
0	-1	0

Set1Pat6	55	1
1	59

Set1Pat6	55	1
0	61	0

Set1Pat70	58	1
1	61

Set1Pat70	58	1
0	9223372036854775807	0

Set1Pat71	74	1
1	77

Set1Pat71	74	1
0	9223372036854775807	0

Set1Pat72	66	1
1	69

Set1Pat72	66	1
0	-1	0

Set1Pat73	65	1
1	67

Set1Pat73	65	1
0	-1	0

Set1Pat74	65	1
1	70

Set1Pat74	65	1
0	-1	0

Set1Pat75	84	1
1	88

Set1Pat75	84	1
0	-1	0

Set1Pat76	58	1
1	62

Set1Pat76	58	1
0	65	0

Set1Pat77	64	1
1	67

Set1Pat77	64	1
0	-1	0

Set1Pat78	66	1
1	72

Set1Pat78	66	1
0	-1	0

Set1Pat79	69	1
1	72

Set1Pat79	69	1
0	-1	0

Set1Pat7	63	1
1	67

Set1Pat7	63	1
0	9223372036854775807	0

Set1Pat80	68	1
1	70

Set1Pat80	68	1
0	73	0

Set1Pat81	71	1
1	75

Set1Pat81	71	1
0	9223372036854775807	0

Set1Pat82	77	1
1	79

Set1Pat82	77	1
0	9223372036854775807	0

Set1Pat83	63	1
1	69

Set1Pat83	63	1
0	71	0

Set1Pat84	66	1
1	70

Set1Pat84	66	1
0	72	0

Set1Pat85	57	1
1	63

Set1Pat85	57	1
0	9223372036854775807	0

Set1Pat86	64	1
1	67

Set1Pat86	64	1
0	9223372036854775807	0

Set1Pat87	63	1
1	66

Set1Pat87	63	1
0	-1	0

Set1Pat88	61	1
1	65

Set1Pat88	61	1
0	-1	0

Set1Pat89	64	1
1	68

Set1Pat89	64	1
0	9223372036854775807	0

Set1Pat8	61	1
1	63

Set1Pat8	61	1
0	-1	0

Set1Pat90	61	1
1	64

Set1Pat90	61	1
0	-1	0

Set1Pat91	58	1
1	59

Set1Pat91	58	1
0	63	0

Set1Pat92	63	1
1	65

Set1Pat92	63	1
0	76	0

Set1Pat93	65	1
1	66

Set1Pat93	65	1
0	67	0

Set1Pat94	64	1
1	69

Set1Pat94	64	1
0	-1	0

Set1Pat95	72	1
1	74

Set1Pat95	72	1
0	84	0

Set1Pat96	75	1
1	78

Set1Pat96	75	1
0	9223372036854775807	0

Set1Pat97	60	1
1	65

Set1Pat97	60	1
0	9223372036854775807	0

Set1Pat98	63	1
1	67

Set1Pat98	63	1
0	68	0

Set1Pat99	74	1
1	77

Set1Pat99	74	1
0	9223372036854775807	0

Set1Pat9	76	1
1	78

Set1Pat9	76	1
0	9223372036854775807	0

Set1Pat121	63	1
1	66

Set1Pat121	63	1
0	68	0

Set1Pat122	92	1
1	97

Set1Pat122	92	1
0	9223372036854775807	0

Set1Pat123	55	1
1	56

Set1Pat123	55	1
0	9223372036854775807	0

Set1Pat124	65	1
1	67

Set1Pat124	65	1
0	72	0

Set1Pat125	81	1
1	82

Set1Pat125	81	1
0	9223372036854775807	0

Set1Pat126	73	1
1	75

Set1Pat126	73	1
0	-1	0

Set1Pat127	84	1
1	87

Set1Pat127	84	1
0	-1	0

Set1Pat128	61	1
1	63

Set1Pat128	61	1
0	-1	0

Set1Pat129	71	1
1	75

Set1Pat129	71	1
0	-1	0

Set1Pat130	74	1
1	77

Set1Pat130	74	1
0	-1	0

Set1Pat131	60	1
1	62

Set1Pat131	60	1
0	-1	0

Set1Pat132	54	1
1	56

Set1Pat132	54	1
0	9223372036854775807	0

Set1Pat133	75	1
1	80

Set1Pat133	75	1
0	-1	0

Set1Pat134	68	1
1	72

Set1Pat134	68	1
0	72	0

Set1Pat135	76	1
1	80

Set1Pat135	76	1
0	87	0

Set1Pat136	66	1
1	66

Set1Pat136	66	1
0	71	0

Set1Pat137	75	1
1	77

Set1Pat137	75	1
0	93	0

Set1Pat138	58	1
1	60

Set1Pat138	58	1
0	61	0

Set1Pat139	73	1
1	76

Set1Pat139	73	1
0	76	0

Set1Pat140	71	1
1	75

Set1Pat140	71	1
0	9223372036854775807	0

Set1Pat141	60	1
1	62

Set1Pat141	60	1
0	9223372036854775807	0

Set1Pat142	62	1
1	69

Set1Pat142	62	1
0	69	0

Set1Pat143	73	1
1	75

Set1Pat143	73	1
0	9223372036854775807	0

Set1Pat144	71	1
1	72

Set1Pat144	71	1
0	9223372036854775807	0

Set1Pat145	63	1
1	67

Set1Pat145	63	1
0	66	0

Set1Pat146	66	1
1	67

Set1Pat146	66	1
0	69	0

Set1Pat147	79	1
1	81

Set1Pat147	79	1
0	82	0

Set1Pat148	78	1
1	81

Set1Pat149	67	1
1	68

Set1Pat149	67	1
0	9223372036854775807	0

Set1Pat150	57	1
1	59

Set1Pat150	57	1
0	-1	0

Set1Pat151	60	1
1	64

Set1Pat151	60	1
0	63	0

Set1Pat152	66	1
1	73

Set1Pat152	66	1
0	-1	0

Set1Pat153	71	1
1	73

Set1Pat153	71	1
0	-1	0

Set1Pat154	67	1
1	69

Set1Pat154	67	1
0	-1	0

Set1Pat155	71	1
1	78

Set1Pat155	71	1
0	-1	0

Set1Pat156	70	1
1	72

Set1Pat156	70	1
0	9223372036854775807	0

Set1Pat157	77	1
1	79

Set1Pat157	77	1
0	-1	0

Set1Pat158	70	1
1	72

Set1Pat158	70	1
0	72	0

Set1Pat159	65	1
1	71

Set1Pat159	65	1
0	70	0

Set1Pat160	63	1
1	65

Set1Pat160	63	1
0	65	0

Set1Pat161	67	1
1	69

Set1Pat161	67	1
0	74	0

Set1Pat162	70	1
1	74

Set1Pat162	70	1
0	71	0

Set1Pat163	64	1
1	68

Set1Pat163	64	1
0	67	0

Set1Pat164	70	1
1	75

Set1Pat164	70	1
0	79	0

Set1Pat165	58	1
1	61

Set1Pat165	58	1
0	-1	0

Set1Pat166	57	1
1	61

Set1Pat166	57	1
0	60	0

Set1Pat167	65	1
1	68

Set1Pat167	65	1
0	70	0

Set1Pat168	77	1
1	81

Set1Pat168	77	1
0	-1	0

Set1Pat169	67	1
1	70

Set1Pat169	67	1
0	-1	0

Set1Pat170	75	1
1	76

Set1Pat170	75	1
0	-1	0

Set1Pat171	84	1
1	89

Set1Pat171	84	1
0	9223372036854775807	0

Set1Pat172	71	1
1	73

Set1Pat172	71	1
0	9223372036854775807	0

Set1Pat173	52	1
1	53

Set1Pat173	52	1
0	56	0

Set1Pat174	79	1
1	80

Set1Pat174	79	1
0	-1	0

Set1Pat175	71	1
1	72

Set1Pat175	71	1
0	9223372036854775807	0

Set1Pat176	69	1
1	71

Set1Pat176	69	1
0	-1	0

Set1Pat177	80	1
1	82

Set1Pat177	80	1
0	-1	0

Set1Pat178	57	1
1	62

Set1Pat178	57	1
0	63	0

Set1Pat179	65	1
1	70

Set1Pat179	65	1
0	69	0

Set1Pat180	69	1
1	71

Set1Pat180	69	1
0	9223372036854775807	0

Set1Pat181	52	1
1	54

Set1Pat181	52	1
0	54	0

Set1Pat182	77	1
1	80

Set1Pat182	77	1
0	-1	0

Set1Pat183	69	1
1	71

Set1Pat183	69	1
0	-1	0

Set1Pat184	70	1
1	73

Set1Pat184	70	1
0	81	0

Set1Pat185	72	1
1	77

Set1Pat185	72	1
0	97	0

Set1Pat186	62	1
1	63

Set1Pat186	62	1
0	67	0

Set1Pat187	77	1
1	78

Set1Pat187	77	1
0	-1	0

Set1Pat188	63	1
1	68

Set1Pat188	63	1
0	-1	0

Set1Pat189	59	1
1	61

Set1Pat189	59	1
0	-1	0

Set1Pat190	70	1
1	74

Set1Pat190	70	1
0	-1	0

Set1Pat191	74	1
1	75

Set1Pat191	74	1
0	78	0

Set1Pat192	67	1
1	70

Set1Pat193	76	1
1	77

Set1Pat193	76	1
0	-1	0

Set1Pat194	76	1
1	81

Set1Pat194	76	1
0	84	0

Set1Pat195	67	1
1	69

Set1Pat195	67	1
0	74	0

Set1Pat196	70	1
1	71

Set1Pat196	70	1
0	9223372036854775807	0

Set1Pat197	73	1
1	74

Set1Pat197	73	1
0	9223372036854775807	0

Set1Pat198	57	1
1	58

Set1Pat198	57	1
0	60	0

Set1Pat199	71	1
1	77

Set1Pat199	71	1
0	-1	0

Set1Pat200	75	1
1	79

Set1Pat200	75	1
0	85	0

Set1Pat201	77	1
1	80

Set1Pat201	77	1
0	-1	0

Set1Pat202	69	1
1	72

Set1Pat202	69	1
0	9223372036854775807	0

Set1Pat203	70	1
1	71

Set1Pat203	70	1
0	70	0

Set1Pat204	83	1
1	85

Set1Pat204	83	1
0	-1	0

Set1Pat205	102	1
1	121

Set1Pat205	102	1
0	9223372036854775807	0

Set1Pat206	79	1
1	89

Set1Pat206	79	1
0	-1	0

Set1Pat207	72	1
1	73

Set1Pat207	72	1
0	9223372036854775807	0

Set1Pat208	89	1
1	90

Set1Pat208	89	1
0	97	0

Set1Pat209	68	1
1	71

Set1Pat209	68	1
0	-1	0

Set1Pat210	99	1
1	99

Set1Pat210	99	1
0	-1	0

Set1Pat211	68	1
1	69

Set1Pat211	68	1
0	80	0

Set1Pat212	70	1
1	71

Set1Pat212	70	1
0	73	0

Set1Pat213	56	1
1	59

Set1Pat213	56	1
0	-1	0

Set1Pat214	87	1
1	89

Set1Pat214	87	1
0	-1	0

Set1Pat215	76	1
1	84

Set1Pat216	68	1
1	69

Set1Pat216	68	1
0	84	0

Set1Pat217	69	1
1	71

Set1Pat217	69	1
0	-1	0

Set1Pat218	76	1
1	78

Set1Pat218	76	1
0	78	0

Set1Pat219	84	1
1	87

Set1Pat219	84	1
0	94	0

Set1Pat220	84	1
1	86

Set1Pat220	84	1
0	-1	0

Set1Pat221	78	1
1	83

Set1Pat221	78	1
0	92	0

Set1Pat222	72	1
1	76

Set1Pat222	72	1
0	-1	0

Set1Pat223	80	1
1	87

Set1Pat223	80	1
0	89	0

Set1Pat224	58	1
1	61

Set1Pat224	58	1
0	-1	0

Set1Pat225	69	1
1	72

Set1Pat225	69	1
0	73	0

Set1Pat226	71	1
1	75

Set1Pat226	71	1
0	-1	0

Set1Pat227	80	1
1	89

Set1Pat227	80	1
0	-1	0

Set1Pat228	60	1
1	63

Set1Pat228	60	1
0	62	0

Set1Pat229	70	1
1	75

Set1Pat229	70	1
0	-1	0

Set1Pat230	64	1
1	66

Set1Pat230	64	1
0	65	0

Set1Pat231	117	1
1	127

Set1Pat231	117	1
0	-1	0

Set1Pat232	84	1
1	103

Set1Pat232	84	1
0	-1	0

Set1Pat233	74	1
1	76

Set1Pat233	74	1
0	79	0

Set1Pat234	71	1
1	73

Set1Pat234	71	1
0	71	0

Set1Pat235	71	1
1	71

Set1Pat235	71	1
0	-1	0

Set1Pat236	93	1
1	95

Set1Pat236	93	1
0	-1	0

Set1Pat237	63	1
1	61

Set1Pat237	63	1
0	-1	0

Set1Pat238	78	1
1	81

Set1Pat238	78	1
0	81	0

Set1Pat239	65	1
1	65

Set1Pat239	65	1
0	-1	0

Set1Pat240	74	1
1	75

Set1Pat240	74	1
0	-1	0

Set1Pat241	75	1
1	74

Set1Pat241	75	1
0	79	0

Set1Pat242	63	1
1	68

Set1Pat242	63	1
0	64	0

Set1Pat243	72	1
1	75

Set1Pat243	72	1
0	84	0

Set1Pat244	79	1
1	84

Set1Pat244	79	1
0	80	0

Set1Pat245	73	1
1	75

Set1Pat245	73	1
0	76	0

Set1Pat246	58	1
1	61

Set1Pat246	58	1
0	60	0

Set1Pat247	74	1
1	76

Set1Pat247	74	1
0	-1	0

Set1Pat248	73	1
1	75

Set1Pat248	73	1
0	-1	0

Set1Pat249	80	1
1	82

Set1Pat249	80	1
0	-1	0

Set1Pat250	76	1
1	78

Set1Pat250	76	1
0	-1	0

Set1Pat251	87	1
1	90

Set1Pat251	87	1
0	111	0

Set1Pat252	72	1
1	75

Set1Pat252	72	1
0	-1	0

Set1Pat253	80	1
1	80

Set1Pat253	80	1
0	9223372036854775807	0

Set1Pat254	85	1
1	86

Set1Pat254	85	1
0	90	0

Set1Pat255	80	1
1	83

Set1Pat255	80	1
0	-1	0

Set1Pat256	61	1
1	64

Set1Pat256	61	1
0	-1	0

Set1Pat257	68	1
1	70

Set1Pat257	68	1
0	69	0

Set1Pat258	69	1
1	71

Set1Pat258	69	1
0	70	0

Set1Pat259	54	1
1	58

Set1Pat259	54	1
0	59	0

Set1Pat260	60	1
1	63

Set1Pat260	60	1
0	-1	0

Set1Pat261	86	1
1	91

Set1Pat261	86	1
0	91	0

Set1Pat262	66	1
1	70

Set1Pat262	66	1
0	9223372036854775807	0

Set1Pat263	71	1
1	72

Set1Pat263	71	1
0	74	0

Set1Pat264	96	1
1	100

Set1Pat264	96	1
0	-1	0

Set1Pat265	70	1
1	79

Set1Pat265	70	1
0	-1	0

Set1Pat266	81	1
1	83

Set1Pat266	81	1
0	86	0

Set1Pat267	60	1
1	64

Set1Pat267	60	1
0	64	0

Set1Pat268	70	1
1	71

Set1Pat268	70	1
0	-1	0

Set1Pat269	68	1
1	70

Set1Pat269	68	1
0	-1	0

Set1Pat270	58	1
1	61

Set1Pat271	71	1
1	73

Set1Pat271	71	1
0	74	0

Set1Pat272	99	1
1	102

Set1Pat272	99	1
0	-1	0

Set1Pat273	60	1
1	64

Set1Pat273	60	1
0	62	0

Set1Pat274	90	1
1	93

Set1Pat274	90	1
0	89	0

Set1Pat275	74	1
1	77

Set1Pat275	74	1
0	-1	0

Set1Pat276	81	1
1	90

Set1Pat276	81	1
0	-1	0

Set1Pat277	89	1
1	91

Set1Pat277	89	1
0	92	0

Set1Pat278	67	1
1	68

Set1Pat278	67	1
0	9223372036854775807	0

Set1Pat279	69	1
1	73

Set1Pat279	69	1
0	-1	0

Set1Pat280	92	1
1	96

Set1Pat280	92	1
0	126	0

Set1Pat281	77	1
1	85

Set1Pat281	77	1
0	-1	0

Set1Pat282	74	1
1	78

Set1Pat282	74	1
0	79	0

Set1Pat283	81	1
1	81

Set1Pat283	81	1
0	-1	0

Set1Pat284	80	1
1	82

Set1Pat284	80	1
0	-1	0

Set1Pat285	63	1
1	69

Set1Pat285	63	1
0	66	0

Set1Pat286	71	1
1	73

Set1Pat286	71	1
0	-1	0

Set1Pat287	83	1
1	90

Set1Pat287	83	1
0	-1	0

Set1Pat288	72	1
1	75

Set1Pat288	72	1
0	-1	0

Set1Pat289	75	1
1	82

Set1Pat289	75	1
0	-1	0

Set1Pat290	67	1
1	68

Set1Pat290	67	1
0	68	0

Set1Pat291	68	1
1	73

Set1Pat291	68	1
0	72	0

Set1Pat292	65	1
1	68

Set1Pat292	65	1
0	64	0

Set1Pat293	69	1
1	70

Set1Pat293	69	1
0	73	0

Set1Pat294	80	1
1	84

Set1Pat294	80	1
0	-1	0

Set1Pat295	78	1
1	81

Set1Pat295	78	1
0	-1	0

Set1Pat296	68	1
1	70

Set1Pat296	68	1
0	-1	0

Set1Pat297	77	1
1	80

Set1Pat297	77	1
0	-1	0

Set1Pat298	82	1
1	82

Set1Pat298	82	1
0	89	0

Set1Pat299	81	1
1	85

Set1Pat299	81	1
0	-1	0

Set1Pat300	67	1
1	72

Set1Pat300	67	1
0	70	0

Set1Pat301	72	1
1	77

Set1Pat301	72	1
0	82	0

Set1Pat302	82	1
1	84

Set1Pat302	82	1
0	79	1

Set1Pat303	70	1
1	71

Set1Pat303	70	1
0	-1	0

Set1Pat304	83	1
1	84

Set1Pat304	83	1
0	83	1

Set1Pat305	74	1
1	76

Set1Pat305	74	1
0	76	0

Set1Pat306	79	1
1	82

Set1Pat306	79	1
0	-1	0

Set1Pat307	86	1
1	92

Set1Pat307	86	1
0	-1	0

Set1Pat308	60	1
1	61

Set1Pat308	60	1
0	9223372036854775807	0

Set1Pat309	97	1
1	109

Set1Pat309	97	1
0	-1	0

Set1Pat310	109	1
1	123

Set1Pat310	109	1
0	9223372036854775807	0

Set1Pat311	83	1
1	83

Set1Pat311	83	1
0	-1	0

Set1Pat312	89	1
1	90

Set1Pat312	89	1
0	-1	0

Set1Pat313	83	1
1	84

Set1Pat313	83	1
0	-1	0

Set1Pat314	73	1
1	76

Set1Pat314	73	1
0	75	0

Set1Pat315	86	1
1	94

Set1Pat315	86	1
0	-1	0

Set1Pat316	98	1
1	97

Set1Pat316	98	1
0	-1	0

Set1Pat317	85	1
1	91

Set1Pat317	85	1
0	-1	0

Set1Pat318	110	1
1	109

Set1Pat318	110	1
0	-1	0

Set1Pat319	83	1
1	88

Set1Pat319	83	1
0	95	0

Set1Pat320	76	1
1	77

Set1Pat320	76	1
0	76	0

Set1Pat321	85	1
1	85

Set1Pat321	85	1
0	85	0

Set1Pat322	75	1
1	79

Set1Pat323	94	1
1	98

Set1Pat323	94	1
0	-1	0

Set1Pat324	77	1
1	80

Set1Pat324	77	1
0	-1	0

Set1Pat325	91	1
1	93

Set1Pat325	91	1
0	-1	0

Set1Pat326	81	1
1	83

Set1Pat326	81	1
0	83	0

Set1Pat327	69	1
1	71

Set1Pat328	87	1
1	94

Set1Pat328	87	1
0	-1	0

Set1Pat329	86	1
1	88

Set1Pat329	86	1
0	88	0

Set1Pat330	73	1
1	75

Set1Pat330	73	1
0	-1	0

Set1Pat331	85	1
1	91

Set1Pat331	85	1
0	-1	0

Set1Pat332	72	1
1	73

Set1Pat332	72	1
0	72	0

Set1Pat333	73	1
1	73

Set1Pat333	73	1
0	-1	0

Set1Pat334	70	1
1	73

Set1Pat334	70	1
0	72	0

Set1Pat335	80	1
1	81

Set1Pat335	80	1
0	-1	0

Set1Pat336	78	1
1	79

Set1Pat336	78	1
0	78	0

Set1Pat337	69	1
1	71

Set1Pat337	69	1
0	-1	0

Set1Pat338	72	1
1	72

Set1Pat338	72	1
0	72	1

Set1Pat339	74	1
1	74

Set1Pat339	74	1
0	74	1

Set1Pat340	77	1
1	77

Set1Pat340	77	1
0	77	0

Set1Pat341	77	1
1	79

Set1Pat341	77	1
0	-1	0

Set1Pat342	81	1
1	81

Set1Pat342	81	1
0	-1	0

Set1Pat343	79	1
1	84

Set1Pat343	79	1
0	-1	0

Set1Pat344	77	1
1	75

Set1Pat344	77	1
0	-1	0

Set1Pat345	77	1
1	77

Set1Pat345	77	1
0	77	1

Set1Pat346	86	1
1	87

Set1Pat346	86	1
0	-1	0

Set1Pat347	95	1
1	99

Set1Pat347	95	1
0	-1	0

Set1Pat348	79	1
1	79

Set1Pat348	79	1
0	-1	0

Set1Pat349	76	1
1	82

Set1Pat349	76	1
0	74	0

Set1Pat350	97	1
1	103

Set1Pat350	97	1
0	-1	0

Set1Pat351	96	1
1	98

Set1Pat351	96	1
0	-1	0

Set1Pat352	80	1
1	80

Set1Pat352	80	1
0	78	1

Set1Pat353	79	1
1	82

Set1Pat353	79	1
0	-1	0

Set1Pat354	93	1
1	98

Set1Pat354	93	1
0	-1	0

Set1Pat355	58	1
1	58

Set1Pat355	58	1
0	58	1

Set1Pat356	74	1
1	75

Set1Pat356	74	1
0	-1	0

Set1Pat357	98	1
1	106

Set1Pat357	98	1
0	-1	0

Set1Pat358	113	1
1	144

Set1Pat358	113	1
0	-1	0

Set1Pat359	69	1
1	70

Set1Pat359	69	1
0	67	0

Set1Pat360	87	1
1	88

Set1Pat360	87	1
0	-1	0

Set1Pat361	71	1
1	71

Set1Pat361	71	1
0	-1	0

Set1Pat362	76	1
1	78

Set1Pat362	76	1
0	81	0

Set1Pat363	92	1
1	97

Set1Pat363	92	1
0	-1	0

Set1Pat364	63	1
1	67

Set1Pat364	63	1
0	64	0

Set1Pat365	74	1
1	74

Set1Pat365	74	1
0	98	0

Set1Pat366	87	1
1	90

Set1Pat366	87	1
0	-1	0

Set1Pat367	73	1
1	74

Set1Pat367	73	1
0	-1	0

Set1Pat368	84	1
1	86

Set1Pat368	84	1
0	88	0

Set1Pat369	80	1
1	82

Set1Pat369	80	1
0	79	0

Set1Pat370	89	1
1	91

Set1Pat370	89	1
0	-1	0

Set1Pat371	84	1
1	83

Set1Pat371	84	1
0	79	0

Set1Pat372	82	1
1	84

Set1Pat372	82	1
0	-1	0

Set1Pat373	93	1
1	101

Set1Pat373	93	1
0	-1	0

Set1Pat374	105	1
1	106

Set1Pat374	105	1
0	-1	0

Set1Pat375	81	1
1	87

Set1Pat375	81	1
0	-1	0

Set1Pat376	102	1
1	118

Set1Pat376	102	1
0	-1	0

Set1Pat377	87	1
1	93

Set1Pat377	87	1
0	-1	0

Set1Pat378	77	1
1	81

Set1Pat378	77	1
0	-1	0

Set1Pat379	74	1
1	77

Set1Pat379	74	1
0	-1	0

Set1Pat380	89	1
1	91

Set1Pat380	89	1
0	-1	0

Set1Pat381	87	1
1	89

Set1Pat381	87	1
0	100	0

Set1Pat382	62	1
1	68

Set1Pat382	62	1
0	63	0

Set1Pat383	73	1
1	75

Set1Pat383	73	1
0	-1	0

Set1Pat384	97	1
1	98

Set1Pat384	97	1
0	-1	0

Set1Pat385	91	1
1	96

Set1Pat385	91	1
0	-1	0

Set1Pat386	87	1
1	90

Set1Pat386	87	1
0	-1	0

Set1Pat387	79	1
1	78

Set1Pat387	79	1
0	-1	0

Set1Pat388	81	1
1	81

Set1Pat388	81	1
0	-1	0

Set1Pat389	69	1
1	70

Set1Pat389	69	1
0	-1	0

Set1Pat390	95	1
1	100

Set1Pat390	95	1
0	-1	0

Set1Pat391	86	1
1	85

Set1Pat391	86	1
0	85	0

Set1Pat392	84	1
1	85

Set1Pat392	84	1
0	84	0

Set1Pat393	66	1
1	71

Set1Pat393	66	1
0	66	0

Set1Pat394	67	1
1	68

Set1Pat394	67	1
0	-1	0

Set1Pat395	67	1
1	70

Set1Pat395	67	1
0	-1	0

Set1Pat396	107	1
1	124

Set1Pat396	107	1
0	-1	0

Set1Pat397	69	1
1	71

Set1Pat397	69	1
0	69	0

Set1Pat398	65	1
1	65

Set1Pat398	65	1
0	-1	0

Set1Pat399	81	1
1	84

Set1Pat399	81	1
0	-1	0

Set1Pat400	76	1
1	80

Set1Pat400	76	1
0	77	0

Set1Pat401	109	1
1	112

Set1Pat402	51	1
1	50

Set1Pat402	51	1
0	48	0

Set1Pat403	103	1
1	108

Set1Pat403	103	1
0	-1	0

Set1Pat404	101	1
1	114

Set1Pat404	101	1
0	-1	0

Set1Pat405	103	1
1	103

Set1Pat405	103	1
0	-1	0

Set1Pat406	99	1
1	109

Set1Pat406	99	1
0	-1	0

Set1Pat407	103	1
1	106

Set1Pat407	103	1
0	-1	0

Set1Pat408	93	1
1	93

Set1Pat408	93	1
0	-1	0

Set1Pat409	90	1
1	90

Set1Pat409	90	1
0	90	1

Set1Pat410	92	1
1	91

Set1Pat410	92	1
0	-1	0

Set1Pat411	77	1
1	84

Set1Pat411	77	1
0	-1	0

Set1Pat412	107	1
1	126

Set1Pat412	107	1
0	-1	0

Set1Pat413	102	1
1	114

Set1Pat413	102	1
0	-1	0

Set1Pat414	94	1
1	117

Set1Pat414	94	1
0	-1	0

Set1Pat415	103	1
1	114

Set1Pat415	103	1
0	-1	0

Set1Pat416	94	1
1	96

Set1Pat416	94	1
0	-1	0

Set1Pat417	96	1
1	98

Set1Pat417	96	1
0	96	0

Set1Pat418	77	1
1	88

Set1Pat418	77	1
0	80	0

Set1Pat419	111	1
1	125

Set1Pat419	111	1
0	116	0

Set1Pat420	105	1
1	107

Set1Pat420	105	1
0	-1	0

Set1Pat421	118	1
1	131

Set1Pat421	118	1
0	-1	0

Set1Pat422	88	1
1	90

Set1Pat422	88	1
0	-1	0

Set1Pat423	88	1
1	91

Set1Pat423	88	1
0	86	0

Set1Pat424	94	1
1	97

Set1Pat424	94	1
0	-1	0

Set1Pat425	83	1
1	83

Set1Pat425	83	1
0	-1	0

Set1Pat426	94	1
1	94

Set1Pat426	94	1
0	-1	0

Set1Pat427	108	1
1	117

Set1Pat427	108	1
0	-1	0

Set1Pat428	83	1
1	83

Set1Pat428	83	1
0	83	0

Set1Pat429	77	1
1	79

Set1Pat429	77	1
0	-1	0

Set1Pat430	67	1
1	75

Set1Pat430	67	1
0	-1	0

Set1Pat431	93	1
1	93

Set1Pat431	93	1
0	-1	0

Set1Pat432	90	1
1	91

Set1Pat432	90	1
0	90	1

Set1Pat433	106	1
1	120

Set1Pat433	106	1
0	-1	0

Set1Pat434	80	1
1	80

Set1Pat434	80	1
0	-1	0

Set1Pat435	96	1
1	96

Set1Pat435	96	1
0	-1	0

Set1Pat436	91	1
1	93

Set1Pat436	91	1
0	-1	0

Set1Pat437	110	1
1	131

Set1Pat437	110	1
0	-1	0

Set1Pat438	81	1
1	83

Set1Pat438	81	1
0	81	1

Set1Pat439	111	1
1	119

Set1Pat439	111	1
0	-1	0

Set1Pat440	106	1
1	106

Set1Pat440	106	1
0	106	1

Set1Pat441	103	1
1	103

Set1Pat441	103	1
0	-1	0

Set1Pat442	77	1
1	77

Set1Pat442	77	1
0	9223372036854775807	0

Set1Pat443	75	1
1	75

Set1Pat443	75	1
0	70	1

Set1Pat444	97	1
1	102

Set1Pat444	97	1
0	-1	0

Set1Pat445	85	1
1	92

Set1Pat445	85	1
0	-1	0

Set1Pat446	79	1
1	78

Set1Pat446	79	1
0	-1	0

Set1Pat447	102	1
1	105

Set1Pat447	102	1
0	102	0

Set1Pat448	118	1
1	123

Set1Pat448	118	1
0	-1	0

Set1Pat449	90	1
1	93

Set1Pat449	90	1
0	-1	0

Set1Pat450	76	1
1	81

Set1Pat450	76	1
0	-1	0

Set1Pat451	98	1
1	98

Set1Pat451	98	1
0	-1	0

Set1Pat452	86	1
1	86

Set1Pat452	86	1
0	-1	0

Set1Pat453	92	1
1	97

Set1Pat453	92	1
0	90	1

Set1Pat454	90	1
1	104

Set1Pat454	90	1
0	-1	0

Set1Pat455	93	1
1	97

Set1Pat455	93	1
0	-1	0

Set1Pat456	101	1
1	100

Set1Pat456	101	1
0	102	0

Set1Pat457	75	1
1	82

Set1Pat457	75	1
0	9223372036854775807	0

Set1Pat458	135	1
1	143

Set1Pat458	135	1
0	-1	0

Set1Pat459	79	1
1	89

Set1Pat459	79	1
0	75	0

Set1Pat460	117	1
1	117

Set1Pat460	117	1
0	-1	0

Set1Pat461	127	1
1	140

Set1Pat461	127	1
0	-1	0

Set1Pat462	107	1
1	109

Set1Pat462	107	1
0	-1	0

Set1Pat463	92	1
1	92

Set1Pat463	92	1
0	-1	0

Set1Pat464	80	1
1	86

Set1Pat464	80	1
0	-1	0

Set1Pat465	102	1
1	102

Set1Pat465	102	1
0	-1	0

Set1Pat466	82	1
1	86

Set1Pat466	82	1
0	-1	0

Set1Pat467	86	1
1	90

Set1Pat467	86	1
0	-1	0

Set1Pat468	120	1
1	126

Set1Pat468	120	1
0	123	0

Set1Pat469	80	1
1	84

Set1Pat469	80	1
0	79	0

Set1Pat470	108	1
1	109

Set1Pat470	108	1
0	-1	0

Set1Pat471	86	1
1	93

Set1Pat471	86	1
0	-1	0

Set1Pat472	98	1
1	98

Set1Pat472	98	1
0	-1	0

Set1Pat473	96	1
1	96

Set1Pat473	96	1
0	95	1

Set1Pat474	108	1
1	115

Set1Pat474	108	1
0	105	1

Set1Pat475	89	1
1	91

Set1Pat475	89	1
0	-1	0

Set1Pat476	99	1
1	117

Set1Pat476	99	1
0	-1	0

Set1Pat477	94	1
1	94

Set1Pat477	94	1
0	-1	0

Set1Pat478	87	1
1	87

Set1Pat478	87	1
0	-1	0

Set1Pat479	101	1
1	102

Set1Pat479	101	1
0	100	1

Set1Pat480	92	1
1	93

Set1Pat480	92	1
0	-1	0

